forecast_date,target,target_end_date,location,type,quantile,value
2020-08-10,1 wk ahead inc death,2020-08-15,11,quantile,0.01,2
2020-08-10,1 wk ahead inc death,2020-08-15,11,quantile,0.025,3
2020-08-10,1 wk ahead inc death,2020-08-15,11,quantile,0.05,3
2020-08-10,1 wk ahead inc death,2020-08-15,11,quantile,0.1,3
2020-08-10,1 wk ahead inc death,2020-08-15,11,quantile,0.15,4
2020-08-10,1 wk ahead inc death,2020-08-15,11,quantile,0.2,4
2020-08-10,1 wk ahead inc death,2020-08-15,11,quantile,0.25,5
2020-08-10,1 wk ahead inc death,2020-08-15,11,quantile,0.3,6
2020-08-10,1 wk ahead inc death,2020-08-15,11,quantile,0.35,6
2020-08-10,1 wk ahead inc death,2020-08-15,11,quantile,0.4,6
2020-08-10,1 wk ahead inc death,2020-08-15,11,quantile,0.45,6
2020-08-10,1 wk ahead inc death,2020-08-15,11,quantile,0.5,7
2020-08-10,1 wk ahead inc death,2020-08-15,11,quantile,0.55,8
2020-08-10,1 wk ahead inc death,2020-08-15,11,quantile,0.6,9
2020-08-10,1 wk ahead inc death,2020-08-15,11,quantile,0.65,9
2020-08-10,1 wk ahead inc death,2020-08-15,11,quantile,0.7,10
2020-08-10,1 wk ahead inc death,2020-08-15,11,quantile,0.75,10
2020-08-10,1 wk ahead inc death,2020-08-15,11,quantile,0.8,11
2020-08-10,1 wk ahead inc death,2020-08-15,11,quantile,0.85,12
2020-08-10,1 wk ahead inc death,2020-08-15,11,quantile,0.9,13
2020-08-10,1 wk ahead inc death,2020-08-15,11,quantile,0.95,15
2020-08-10,1 wk ahead inc death,2020-08-15,11,quantile,0.975,16
2020-08-10,1 wk ahead inc death,2020-08-15,11,quantile,0.99,19
2020-08-10,1 wk ahead inc death,2020-08-15,01,quantile,0.01,89
2020-08-10,1 wk ahead inc death,2020-08-15,01,quantile,0.025,98
2020-08-10,1 wk ahead inc death,2020-08-15,01,quantile,0.05,106
2020-08-10,1 wk ahead inc death,2020-08-15,01,quantile,0.1,116
2020-08-10,1 wk ahead inc death,2020-08-15,01,quantile,0.15,123
2020-08-10,1 wk ahead inc death,2020-08-15,01,quantile,0.2,129
2020-08-10,1 wk ahead inc death,2020-08-15,01,quantile,0.25,135
2020-08-10,1 wk ahead inc death,2020-08-15,01,quantile,0.3,140
2020-08-10,1 wk ahead inc death,2020-08-15,01,quantile,0.35,144
2020-08-10,1 wk ahead inc death,2020-08-15,01,quantile,0.4,149
2020-08-10,1 wk ahead inc death,2020-08-15,01,quantile,0.45,154
2020-08-10,1 wk ahead inc death,2020-08-15,01,quantile,0.5,159
2020-08-10,1 wk ahead inc death,2020-08-15,01,quantile,0.55,164
2020-08-10,1 wk ahead inc death,2020-08-15,01,quantile,0.6,169
2020-08-10,1 wk ahead inc death,2020-08-15,01,quantile,0.65,174
2020-08-10,1 wk ahead inc death,2020-08-15,01,quantile,0.7,180
2020-08-10,1 wk ahead inc death,2020-08-15,01,quantile,0.75,186
2020-08-10,1 wk ahead inc death,2020-08-15,01,quantile,0.8,192
2020-08-10,1 wk ahead inc death,2020-08-15,01,quantile,0.85,202
2020-08-10,1 wk ahead inc death,2020-08-15,01,quantile,0.9,214
2020-08-10,1 wk ahead inc death,2020-08-15,01,quantile,0.95,232
2020-08-10,1 wk ahead inc death,2020-08-15,01,quantile,0.975,251
2020-08-10,1 wk ahead inc death,2020-08-15,01,quantile,0.99,272
2020-08-10,1 wk ahead inc death,2020-08-15,02,quantile,0.01,0
2020-08-10,1 wk ahead inc death,2020-08-15,02,quantile,0.025,0
2020-08-10,1 wk ahead inc death,2020-08-15,02,quantile,0.05,1
2020-08-10,1 wk ahead inc death,2020-08-15,02,quantile,0.1,1
2020-08-10,1 wk ahead inc death,2020-08-15,02,quantile,0.15,1
2020-08-10,1 wk ahead inc death,2020-08-15,02,quantile,0.2,1
2020-08-10,1 wk ahead inc death,2020-08-15,02,quantile,0.25,2
2020-08-10,1 wk ahead inc death,2020-08-15,02,quantile,0.3,2
2020-08-10,1 wk ahead inc death,2020-08-15,02,quantile,0.35,2
2020-08-10,1 wk ahead inc death,2020-08-15,02,quantile,0.4,2
2020-08-10,1 wk ahead inc death,2020-08-15,02,quantile,0.45,2
2020-08-10,1 wk ahead inc death,2020-08-15,02,quantile,0.5,3
2020-08-10,1 wk ahead inc death,2020-08-15,02,quantile,0.55,4
2020-08-10,1 wk ahead inc death,2020-08-15,02,quantile,0.6,4
2020-08-10,1 wk ahead inc death,2020-08-15,02,quantile,0.65,5
2020-08-10,1 wk ahead inc death,2020-08-15,02,quantile,0.7,5
2020-08-10,1 wk ahead inc death,2020-08-15,02,quantile,0.75,5
2020-08-10,1 wk ahead inc death,2020-08-15,02,quantile,0.8,5
2020-08-10,1 wk ahead inc death,2020-08-15,02,quantile,0.85,6
2020-08-10,1 wk ahead inc death,2020-08-15,02,quantile,0.9,7
2020-08-10,1 wk ahead inc death,2020-08-15,02,quantile,0.95,8
2020-08-10,1 wk ahead inc death,2020-08-15,02,quantile,0.975,9
2020-08-10,1 wk ahead inc death,2020-08-15,02,quantile,0.99,10
2020-08-10,1 wk ahead inc death,2020-08-15,04,quantile,0.01,195
2020-08-10,1 wk ahead inc death,2020-08-15,04,quantile,0.025,212
2020-08-10,1 wk ahead inc death,2020-08-15,04,quantile,0.05,230
2020-08-10,1 wk ahead inc death,2020-08-15,04,quantile,0.1,248
2020-08-10,1 wk ahead inc death,2020-08-15,04,quantile,0.15,261
2020-08-10,1 wk ahead inc death,2020-08-15,04,quantile,0.2,272
2020-08-10,1 wk ahead inc death,2020-08-15,04,quantile,0.25,283
2020-08-10,1 wk ahead inc death,2020-08-15,04,quantile,0.3,293
2020-08-10,1 wk ahead inc death,2020-08-15,04,quantile,0.35,301
2020-08-10,1 wk ahead inc death,2020-08-15,04,quantile,0.4,312
2020-08-10,1 wk ahead inc death,2020-08-15,04,quantile,0.45,321
2020-08-10,1 wk ahead inc death,2020-08-15,04,quantile,0.5,331
2020-08-10,1 wk ahead inc death,2020-08-15,04,quantile,0.55,340
2020-08-10,1 wk ahead inc death,2020-08-15,04,quantile,0.6,350
2020-08-10,1 wk ahead inc death,2020-08-15,04,quantile,0.65,359
2020-08-10,1 wk ahead inc death,2020-08-15,04,quantile,0.7,370
2020-08-10,1 wk ahead inc death,2020-08-15,04,quantile,0.75,383
2020-08-10,1 wk ahead inc death,2020-08-15,04,quantile,0.8,397
2020-08-10,1 wk ahead inc death,2020-08-15,04,quantile,0.85,415
2020-08-10,1 wk ahead inc death,2020-08-15,04,quantile,0.9,439
2020-08-10,1 wk ahead inc death,2020-08-15,04,quantile,0.95,475
2020-08-10,1 wk ahead inc death,2020-08-15,04,quantile,0.975,517
2020-08-10,1 wk ahead inc death,2020-08-15,04,quantile,0.99,556
2020-08-10,1 wk ahead inc death,2020-08-15,05,quantile,0.01,39
2020-08-10,1 wk ahead inc death,2020-08-15,05,quantile,0.025,42
2020-08-10,1 wk ahead inc death,2020-08-15,05,quantile,0.05,45
2020-08-10,1 wk ahead inc death,2020-08-15,05,quantile,0.1,49
2020-08-10,1 wk ahead inc death,2020-08-15,05,quantile,0.15,52
2020-08-10,1 wk ahead inc death,2020-08-15,05,quantile,0.2,55
2020-08-10,1 wk ahead inc death,2020-08-15,05,quantile,0.25,59
2020-08-10,1 wk ahead inc death,2020-08-15,05,quantile,0.3,61
2020-08-10,1 wk ahead inc death,2020-08-15,05,quantile,0.35,64
2020-08-10,1 wk ahead inc death,2020-08-15,05,quantile,0.4,68
2020-08-10,1 wk ahead inc death,2020-08-15,05,quantile,0.45,71
2020-08-10,1 wk ahead inc death,2020-08-15,05,quantile,0.5,75
2020-08-10,1 wk ahead inc death,2020-08-15,05,quantile,0.55,78
2020-08-10,1 wk ahead inc death,2020-08-15,05,quantile,0.6,81
2020-08-10,1 wk ahead inc death,2020-08-15,05,quantile,0.65,84
2020-08-10,1 wk ahead inc death,2020-08-15,05,quantile,0.7,86
2020-08-10,1 wk ahead inc death,2020-08-15,05,quantile,0.75,89
2020-08-10,1 wk ahead inc death,2020-08-15,05,quantile,0.8,93
2020-08-10,1 wk ahead inc death,2020-08-15,05,quantile,0.85,98
2020-08-10,1 wk ahead inc death,2020-08-15,05,quantile,0.9,104
2020-08-10,1 wk ahead inc death,2020-08-15,05,quantile,0.95,114
2020-08-10,1 wk ahead inc death,2020-08-15,05,quantile,0.975,124
2020-08-10,1 wk ahead inc death,2020-08-15,05,quantile,0.99,132
2020-08-10,1 wk ahead inc death,2020-08-15,06,quantile,0.01,605
2020-08-10,1 wk ahead inc death,2020-08-15,06,quantile,0.025,641
2020-08-10,1 wk ahead inc death,2020-08-15,06,quantile,0.05,674
2020-08-10,1 wk ahead inc death,2020-08-15,06,quantile,0.1,717
2020-08-10,1 wk ahead inc death,2020-08-15,06,quantile,0.15,748
2020-08-10,1 wk ahead inc death,2020-08-15,06,quantile,0.2,775
2020-08-10,1 wk ahead inc death,2020-08-15,06,quantile,0.25,798
2020-08-10,1 wk ahead inc death,2020-08-15,06,quantile,0.3,819
2020-08-10,1 wk ahead inc death,2020-08-15,06,quantile,0.35,838
2020-08-10,1 wk ahead inc death,2020-08-15,06,quantile,0.4,856
2020-08-10,1 wk ahead inc death,2020-08-15,06,quantile,0.45,874
2020-08-10,1 wk ahead inc death,2020-08-15,06,quantile,0.5,892
2020-08-10,1 wk ahead inc death,2020-08-15,06,quantile,0.55,911
2020-08-10,1 wk ahead inc death,2020-08-15,06,quantile,0.6,930
2020-08-10,1 wk ahead inc death,2020-08-15,06,quantile,0.65,949
2020-08-10,1 wk ahead inc death,2020-08-15,06,quantile,0.7,971
2020-08-10,1 wk ahead inc death,2020-08-15,06,quantile,0.75,993
2020-08-10,1 wk ahead inc death,2020-08-15,06,quantile,0.8,1018
2020-08-10,1 wk ahead inc death,2020-08-15,06,quantile,0.85,1056
2020-08-10,1 wk ahead inc death,2020-08-15,06,quantile,0.9,1095
2020-08-10,1 wk ahead inc death,2020-08-15,06,quantile,0.95,1165
2020-08-10,1 wk ahead inc death,2020-08-15,06,quantile,0.975,1226
2020-08-10,1 wk ahead inc death,2020-08-15,06,quantile,0.99,1316
2020-08-10,1 wk ahead inc death,2020-08-15,08,quantile,0.01,19
2020-08-10,1 wk ahead inc death,2020-08-15,08,quantile,0.025,20
2020-08-10,1 wk ahead inc death,2020-08-15,08,quantile,0.05,23
2020-08-10,1 wk ahead inc death,2020-08-15,08,quantile,0.1,26
2020-08-10,1 wk ahead inc death,2020-08-15,08,quantile,0.15,28
2020-08-10,1 wk ahead inc death,2020-08-15,08,quantile,0.2,30
2020-08-10,1 wk ahead inc death,2020-08-15,08,quantile,0.25,31
2020-08-10,1 wk ahead inc death,2020-08-15,08,quantile,0.3,33
2020-08-10,1 wk ahead inc death,2020-08-15,08,quantile,0.35,34
2020-08-10,1 wk ahead inc death,2020-08-15,08,quantile,0.4,36
2020-08-10,1 wk ahead inc death,2020-08-15,08,quantile,0.45,38
2020-08-10,1 wk ahead inc death,2020-08-15,08,quantile,0.5,40
2020-08-10,1 wk ahead inc death,2020-08-15,08,quantile,0.55,42
2020-08-10,1 wk ahead inc death,2020-08-15,08,quantile,0.6,44
2020-08-10,1 wk ahead inc death,2020-08-15,08,quantile,0.65,46
2020-08-10,1 wk ahead inc death,2020-08-15,08,quantile,0.7,49
2020-08-10,1 wk ahead inc death,2020-08-15,08,quantile,0.75,51
2020-08-10,1 wk ahead inc death,2020-08-15,08,quantile,0.8,54
2020-08-10,1 wk ahead inc death,2020-08-15,08,quantile,0.85,58
2020-08-10,1 wk ahead inc death,2020-08-15,08,quantile,0.9,63
2020-08-10,1 wk ahead inc death,2020-08-15,08,quantile,0.95,70
2020-08-10,1 wk ahead inc death,2020-08-15,08,quantile,0.975,77
2020-08-10,1 wk ahead inc death,2020-08-15,08,quantile,0.99,85
2020-08-10,1 wk ahead inc death,2020-08-15,09,quantile,0.01,5
2020-08-10,1 wk ahead inc death,2020-08-15,09,quantile,0.025,6
2020-08-10,1 wk ahead inc death,2020-08-15,09,quantile,0.05,6
2020-08-10,1 wk ahead inc death,2020-08-15,09,quantile,0.1,7
2020-08-10,1 wk ahead inc death,2020-08-15,09,quantile,0.15,8
2020-08-10,1 wk ahead inc death,2020-08-15,09,quantile,0.2,8
2020-08-10,1 wk ahead inc death,2020-08-15,09,quantile,0.25,9
2020-08-10,1 wk ahead inc death,2020-08-15,09,quantile,0.3,10
2020-08-10,1 wk ahead inc death,2020-08-15,09,quantile,0.35,11
2020-08-10,1 wk ahead inc death,2020-08-15,09,quantile,0.4,11
2020-08-10,1 wk ahead inc death,2020-08-15,09,quantile,0.45,12
2020-08-10,1 wk ahead inc death,2020-08-15,09,quantile,0.5,14
2020-08-10,1 wk ahead inc death,2020-08-15,09,quantile,0.55,15
2020-08-10,1 wk ahead inc death,2020-08-15,09,quantile,0.6,16
2020-08-10,1 wk ahead inc death,2020-08-15,09,quantile,0.65,17
2020-08-10,1 wk ahead inc death,2020-08-15,09,quantile,0.7,19
2020-08-10,1 wk ahead inc death,2020-08-15,09,quantile,0.75,20
2020-08-10,1 wk ahead inc death,2020-08-15,09,quantile,0.8,22
2020-08-10,1 wk ahead inc death,2020-08-15,09,quantile,0.85,24
2020-08-10,1 wk ahead inc death,2020-08-15,09,quantile,0.9,26
2020-08-10,1 wk ahead inc death,2020-08-15,09,quantile,0.95,30
2020-08-10,1 wk ahead inc death,2020-08-15,09,quantile,0.975,34
2020-08-10,1 wk ahead inc death,2020-08-15,09,quantile,0.99,38
2020-08-10,1 wk ahead inc death,2020-08-15,10,quantile,0.01,3
2020-08-10,1 wk ahead inc death,2020-08-15,10,quantile,0.025,3
2020-08-10,1 wk ahead inc death,2020-08-15,10,quantile,0.05,3
2020-08-10,1 wk ahead inc death,2020-08-15,10,quantile,0.1,4
2020-08-10,1 wk ahead inc death,2020-08-15,10,quantile,0.15,4
2020-08-10,1 wk ahead inc death,2020-08-15,10,quantile,0.2,5
2020-08-10,1 wk ahead inc death,2020-08-15,10,quantile,0.25,5
2020-08-10,1 wk ahead inc death,2020-08-15,10,quantile,0.3,6
2020-08-10,1 wk ahead inc death,2020-08-15,10,quantile,0.35,7
2020-08-10,1 wk ahead inc death,2020-08-15,10,quantile,0.4,7
2020-08-10,1 wk ahead inc death,2020-08-15,10,quantile,0.45,8
2020-08-10,1 wk ahead inc death,2020-08-15,10,quantile,0.5,8
2020-08-10,1 wk ahead inc death,2020-08-15,10,quantile,0.55,10
2020-08-10,1 wk ahead inc death,2020-08-15,10,quantile,0.6,10
2020-08-10,1 wk ahead inc death,2020-08-15,10,quantile,0.65,11
2020-08-10,1 wk ahead inc death,2020-08-15,10,quantile,0.7,11
2020-08-10,1 wk ahead inc death,2020-08-15,10,quantile,0.75,12
2020-08-10,1 wk ahead inc death,2020-08-15,10,quantile,0.8,13
2020-08-10,1 wk ahead inc death,2020-08-15,10,quantile,0.85,14
2020-08-10,1 wk ahead inc death,2020-08-15,10,quantile,0.9,16
2020-08-10,1 wk ahead inc death,2020-08-15,10,quantile,0.95,18
2020-08-10,1 wk ahead inc death,2020-08-15,10,quantile,0.975,21
2020-08-10,1 wk ahead inc death,2020-08-15,10,quantile,0.99,23
2020-08-10,1 wk ahead inc death,2020-08-15,12,quantile,0.01,697
2020-08-10,1 wk ahead inc death,2020-08-15,12,quantile,0.025,734
2020-08-10,1 wk ahead inc death,2020-08-15,12,quantile,0.05,769
2020-08-10,1 wk ahead inc death,2020-08-15,12,quantile,0.1,819
2020-08-10,1 wk ahead inc death,2020-08-15,12,quantile,0.15,855
2020-08-10,1 wk ahead inc death,2020-08-15,12,quantile,0.2,882
2020-08-10,1 wk ahead inc death,2020-08-15,12,quantile,0.25,907
2020-08-10,1 wk ahead inc death,2020-08-15,12,quantile,0.3,928
2020-08-10,1 wk ahead inc death,2020-08-15,12,quantile,0.35,949
2020-08-10,1 wk ahead inc death,2020-08-15,12,quantile,0.4,971
2020-08-10,1 wk ahead inc death,2020-08-15,12,quantile,0.45,990
2020-08-10,1 wk ahead inc death,2020-08-15,12,quantile,0.5,1019
2020-08-10,1 wk ahead inc death,2020-08-15,12,quantile,0.55,1043
2020-08-10,1 wk ahead inc death,2020-08-15,12,quantile,0.6,1064
2020-08-10,1 wk ahead inc death,2020-08-15,12,quantile,0.65,1090
2020-08-10,1 wk ahead inc death,2020-08-15,12,quantile,0.7,1115
2020-08-10,1 wk ahead inc death,2020-08-15,12,quantile,0.75,1143
2020-08-10,1 wk ahead inc death,2020-08-15,12,quantile,0.8,1180
2020-08-10,1 wk ahead inc death,2020-08-15,12,quantile,0.85,1221
2020-08-10,1 wk ahead inc death,2020-08-15,12,quantile,0.9,1276
2020-08-10,1 wk ahead inc death,2020-08-15,12,quantile,0.95,1364
2020-08-10,1 wk ahead inc death,2020-08-15,12,quantile,0.975,1443
2020-08-10,1 wk ahead inc death,2020-08-15,12,quantile,0.99,1517
2020-08-10,1 wk ahead inc death,2020-08-15,13,quantile,0.01,203
2020-08-10,1 wk ahead inc death,2020-08-15,13,quantile,0.025,218
2020-08-10,1 wk ahead inc death,2020-08-15,13,quantile,0.05,231
2020-08-10,1 wk ahead inc death,2020-08-15,13,quantile,0.1,250
2020-08-10,1 wk ahead inc death,2020-08-15,13,quantile,0.15,261
2020-08-10,1 wk ahead inc death,2020-08-15,13,quantile,0.2,273
2020-08-10,1 wk ahead inc death,2020-08-15,13,quantile,0.25,287
2020-08-10,1 wk ahead inc death,2020-08-15,13,quantile,0.3,298
2020-08-10,1 wk ahead inc death,2020-08-15,13,quantile,0.35,310
2020-08-10,1 wk ahead inc death,2020-08-15,13,quantile,0.4,323
2020-08-10,1 wk ahead inc death,2020-08-15,13,quantile,0.45,334
2020-08-10,1 wk ahead inc death,2020-08-15,13,quantile,0.5,348
2020-08-10,1 wk ahead inc death,2020-08-15,13,quantile,0.55,360
2020-08-10,1 wk ahead inc death,2020-08-15,13,quantile,0.6,374
2020-08-10,1 wk ahead inc death,2020-08-15,13,quantile,0.65,389
2020-08-10,1 wk ahead inc death,2020-08-15,13,quantile,0.7,406
2020-08-10,1 wk ahead inc death,2020-08-15,13,quantile,0.75,421
2020-08-10,1 wk ahead inc death,2020-08-15,13,quantile,0.8,441
2020-08-10,1 wk ahead inc death,2020-08-15,13,quantile,0.85,467
2020-08-10,1 wk ahead inc death,2020-08-15,13,quantile,0.9,498
2020-08-10,1 wk ahead inc death,2020-08-15,13,quantile,0.95,549
2020-08-10,1 wk ahead inc death,2020-08-15,13,quantile,0.975,591
2020-08-10,1 wk ahead inc death,2020-08-15,13,quantile,0.99,631
2020-08-10,1 wk ahead inc death,2020-08-15,15,quantile,0.01,1
2020-08-10,1 wk ahead inc death,2020-08-15,15,quantile,0.025,1
2020-08-10,1 wk ahead inc death,2020-08-15,15,quantile,0.05,1
2020-08-10,1 wk ahead inc death,2020-08-15,15,quantile,0.1,2
2020-08-10,1 wk ahead inc death,2020-08-15,15,quantile,0.15,3
2020-08-10,1 wk ahead inc death,2020-08-15,15,quantile,0.2,3
2020-08-10,1 wk ahead inc death,2020-08-15,15,quantile,0.25,4
2020-08-10,1 wk ahead inc death,2020-08-15,15,quantile,0.3,4
2020-08-10,1 wk ahead inc death,2020-08-15,15,quantile,0.35,5
2020-08-10,1 wk ahead inc death,2020-08-15,15,quantile,0.4,5
2020-08-10,1 wk ahead inc death,2020-08-15,15,quantile,0.45,6
2020-08-10,1 wk ahead inc death,2020-08-15,15,quantile,0.5,7
2020-08-10,1 wk ahead inc death,2020-08-15,15,quantile,0.55,8
2020-08-10,1 wk ahead inc death,2020-08-15,15,quantile,0.6,8
2020-08-10,1 wk ahead inc death,2020-08-15,15,quantile,0.65,9
2020-08-10,1 wk ahead inc death,2020-08-15,15,quantile,0.7,9
2020-08-10,1 wk ahead inc death,2020-08-15,15,quantile,0.75,10
2020-08-10,1 wk ahead inc death,2020-08-15,15,quantile,0.8,11
2020-08-10,1 wk ahead inc death,2020-08-15,15,quantile,0.85,12
2020-08-10,1 wk ahead inc death,2020-08-15,15,quantile,0.9,13
2020-08-10,1 wk ahead inc death,2020-08-15,15,quantile,0.95,15
2020-08-10,1 wk ahead inc death,2020-08-15,15,quantile,0.975,18
2020-08-10,1 wk ahead inc death,2020-08-15,15,quantile,0.99,20
2020-08-10,1 wk ahead inc death,2020-08-15,16,quantile,0.01,20
2020-08-10,1 wk ahead inc death,2020-08-15,16,quantile,0.025,22
2020-08-10,1 wk ahead inc death,2020-08-15,16,quantile,0.05,25
2020-08-10,1 wk ahead inc death,2020-08-15,16,quantile,0.1,27
2020-08-10,1 wk ahead inc death,2020-08-15,16,quantile,0.15,29
2020-08-10,1 wk ahead inc death,2020-08-15,16,quantile,0.2,31
2020-08-10,1 wk ahead inc death,2020-08-15,16,quantile,0.25,32
2020-08-10,1 wk ahead inc death,2020-08-15,16,quantile,0.3,33
2020-08-10,1 wk ahead inc death,2020-08-15,16,quantile,0.35,34
2020-08-10,1 wk ahead inc death,2020-08-15,16,quantile,0.4,35
2020-08-10,1 wk ahead inc death,2020-08-15,16,quantile,0.45,37
2020-08-10,1 wk ahead inc death,2020-08-15,16,quantile,0.5,39
2020-08-10,1 wk ahead inc death,2020-08-15,16,quantile,0.55,41
2020-08-10,1 wk ahead inc death,2020-08-15,16,quantile,0.6,42
2020-08-10,1 wk ahead inc death,2020-08-15,16,quantile,0.65,43
2020-08-10,1 wk ahead inc death,2020-08-15,16,quantile,0.7,45
2020-08-10,1 wk ahead inc death,2020-08-15,16,quantile,0.75,47
2020-08-10,1 wk ahead inc death,2020-08-15,16,quantile,0.8,49
2020-08-10,1 wk ahead inc death,2020-08-15,16,quantile,0.85,52
2020-08-10,1 wk ahead inc death,2020-08-15,16,quantile,0.9,55
2020-08-10,1 wk ahead inc death,2020-08-15,16,quantile,0.95,62
2020-08-10,1 wk ahead inc death,2020-08-15,16,quantile,0.975,66
2020-08-10,1 wk ahead inc death,2020-08-15,16,quantile,0.99,72
2020-08-10,1 wk ahead inc death,2020-08-15,17,quantile,0.01,89
2020-08-10,1 wk ahead inc death,2020-08-15,17,quantile,0.025,98
2020-08-10,1 wk ahead inc death,2020-08-15,17,quantile,0.05,104
2020-08-10,1 wk ahead inc death,2020-08-15,17,quantile,0.1,111
2020-08-10,1 wk ahead inc death,2020-08-15,17,quantile,0.15,120
2020-08-10,1 wk ahead inc death,2020-08-15,17,quantile,0.2,128
2020-08-10,1 wk ahead inc death,2020-08-15,17,quantile,0.25,133
2020-08-10,1 wk ahead inc death,2020-08-15,17,quantile,0.3,139
2020-08-10,1 wk ahead inc death,2020-08-15,17,quantile,0.35,144
2020-08-10,1 wk ahead inc death,2020-08-15,17,quantile,0.4,153
2020-08-10,1 wk ahead inc death,2020-08-15,17,quantile,0.45,159
2020-08-10,1 wk ahead inc death,2020-08-15,17,quantile,0.5,166
2020-08-10,1 wk ahead inc death,2020-08-15,17,quantile,0.55,171
2020-08-10,1 wk ahead inc death,2020-08-15,17,quantile,0.6,177
2020-08-10,1 wk ahead inc death,2020-08-15,17,quantile,0.65,183
2020-08-10,1 wk ahead inc death,2020-08-15,17,quantile,0.7,190
2020-08-10,1 wk ahead inc death,2020-08-15,17,quantile,0.75,196
2020-08-10,1 wk ahead inc death,2020-08-15,17,quantile,0.8,205
2020-08-10,1 wk ahead inc death,2020-08-15,17,quantile,0.85,215
2020-08-10,1 wk ahead inc death,2020-08-15,17,quantile,0.9,228
2020-08-10,1 wk ahead inc death,2020-08-15,17,quantile,0.95,249
2020-08-10,1 wk ahead inc death,2020-08-15,17,quantile,0.975,268
2020-08-10,1 wk ahead inc death,2020-08-15,17,quantile,0.99,289
2020-08-10,1 wk ahead inc death,2020-08-15,18,quantile,0.01,50
2020-08-10,1 wk ahead inc death,2020-08-15,18,quantile,0.025,55
2020-08-10,1 wk ahead inc death,2020-08-15,18,quantile,0.05,59
2020-08-10,1 wk ahead inc death,2020-08-15,18,quantile,0.1,65
2020-08-10,1 wk ahead inc death,2020-08-15,18,quantile,0.15,69
2020-08-10,1 wk ahead inc death,2020-08-15,18,quantile,0.2,73
2020-08-10,1 wk ahead inc death,2020-08-15,18,quantile,0.25,77
2020-08-10,1 wk ahead inc death,2020-08-15,18,quantile,0.3,80
2020-08-10,1 wk ahead inc death,2020-08-15,18,quantile,0.35,83
2020-08-10,1 wk ahead inc death,2020-08-15,18,quantile,0.4,86
2020-08-10,1 wk ahead inc death,2020-08-15,18,quantile,0.45,89
2020-08-10,1 wk ahead inc death,2020-08-15,18,quantile,0.5,93
2020-08-10,1 wk ahead inc death,2020-08-15,18,quantile,0.55,97
2020-08-10,1 wk ahead inc death,2020-08-15,18,quantile,0.6,101
2020-08-10,1 wk ahead inc death,2020-08-15,18,quantile,0.65,104
2020-08-10,1 wk ahead inc death,2020-08-15,18,quantile,0.7,108
2020-08-10,1 wk ahead inc death,2020-08-15,18,quantile,0.75,112
2020-08-10,1 wk ahead inc death,2020-08-15,18,quantile,0.8,118
2020-08-10,1 wk ahead inc death,2020-08-15,18,quantile,0.85,125
2020-08-10,1 wk ahead inc death,2020-08-15,18,quantile,0.9,133
2020-08-10,1 wk ahead inc death,2020-08-15,18,quantile,0.95,146
2020-08-10,1 wk ahead inc death,2020-08-15,18,quantile,0.975,158
2020-08-10,1 wk ahead inc death,2020-08-15,18,quantile,0.99,176
2020-08-10,1 wk ahead inc death,2020-08-15,19,quantile,0.01,23
2020-08-10,1 wk ahead inc death,2020-08-15,19,quantile,0.025,25
2020-08-10,1 wk ahead inc death,2020-08-15,19,quantile,0.05,28
2020-08-10,1 wk ahead inc death,2020-08-15,19,quantile,0.1,31
2020-08-10,1 wk ahead inc death,2020-08-15,19,quantile,0.15,34
2020-08-10,1 wk ahead inc death,2020-08-15,19,quantile,0.2,36
2020-08-10,1 wk ahead inc death,2020-08-15,19,quantile,0.25,38
2020-08-10,1 wk ahead inc death,2020-08-15,19,quantile,0.3,40
2020-08-10,1 wk ahead inc death,2020-08-15,19,quantile,0.35,42
2020-08-10,1 wk ahead inc death,2020-08-15,19,quantile,0.4,45
2020-08-10,1 wk ahead inc death,2020-08-15,19,quantile,0.45,47
2020-08-10,1 wk ahead inc death,2020-08-15,19,quantile,0.5,50
2020-08-10,1 wk ahead inc death,2020-08-15,19,quantile,0.55,52
2020-08-10,1 wk ahead inc death,2020-08-15,19,quantile,0.6,55
2020-08-10,1 wk ahead inc death,2020-08-15,19,quantile,0.65,57
2020-08-10,1 wk ahead inc death,2020-08-15,19,quantile,0.7,59
2020-08-10,1 wk ahead inc death,2020-08-15,19,quantile,0.75,62
2020-08-10,1 wk ahead inc death,2020-08-15,19,quantile,0.8,65
2020-08-10,1 wk ahead inc death,2020-08-15,19,quantile,0.85,69
2020-08-10,1 wk ahead inc death,2020-08-15,19,quantile,0.9,74
2020-08-10,1 wk ahead inc death,2020-08-15,19,quantile,0.95,82
2020-08-10,1 wk ahead inc death,2020-08-15,19,quantile,0.975,89
2020-08-10,1 wk ahead inc death,2020-08-15,19,quantile,0.99,99
2020-08-10,1 wk ahead inc death,2020-08-15,20,quantile,0.01,9
2020-08-10,1 wk ahead inc death,2020-08-15,20,quantile,0.025,10
2020-08-10,1 wk ahead inc death,2020-08-15,20,quantile,0.05,12
2020-08-10,1 wk ahead inc death,2020-08-15,20,quantile,0.1,13
2020-08-10,1 wk ahead inc death,2020-08-15,20,quantile,0.15,15
2020-08-10,1 wk ahead inc death,2020-08-15,20,quantile,0.2,16
2020-08-10,1 wk ahead inc death,2020-08-15,20,quantile,0.25,17
2020-08-10,1 wk ahead inc death,2020-08-15,20,quantile,0.3,18
2020-08-10,1 wk ahead inc death,2020-08-15,20,quantile,0.35,20
2020-08-10,1 wk ahead inc death,2020-08-15,20,quantile,0.4,20
2020-08-10,1 wk ahead inc death,2020-08-15,20,quantile,0.45,22
2020-08-10,1 wk ahead inc death,2020-08-15,20,quantile,0.5,23
2020-08-10,1 wk ahead inc death,2020-08-15,20,quantile,0.55,25
2020-08-10,1 wk ahead inc death,2020-08-15,20,quantile,0.6,26
2020-08-10,1 wk ahead inc death,2020-08-15,20,quantile,0.65,27
2020-08-10,1 wk ahead inc death,2020-08-15,20,quantile,0.7,28
2020-08-10,1 wk ahead inc death,2020-08-15,20,quantile,0.75,30
2020-08-10,1 wk ahead inc death,2020-08-15,20,quantile,0.8,32
2020-08-10,1 wk ahead inc death,2020-08-15,20,quantile,0.85,34
2020-08-10,1 wk ahead inc death,2020-08-15,20,quantile,0.9,36
2020-08-10,1 wk ahead inc death,2020-08-15,20,quantile,0.95,40
2020-08-10,1 wk ahead inc death,2020-08-15,20,quantile,0.975,44
2020-08-10,1 wk ahead inc death,2020-08-15,20,quantile,0.99,48
2020-08-10,1 wk ahead inc death,2020-08-15,21,quantile,0.01,18
2020-08-10,1 wk ahead inc death,2020-08-15,21,quantile,0.025,20
2020-08-10,1 wk ahead inc death,2020-08-15,21,quantile,0.05,23
2020-08-10,1 wk ahead inc death,2020-08-15,21,quantile,0.1,26
2020-08-10,1 wk ahead inc death,2020-08-15,21,quantile,0.15,29
2020-08-10,1 wk ahead inc death,2020-08-15,21,quantile,0.2,31
2020-08-10,1 wk ahead inc death,2020-08-15,21,quantile,0.25,32
2020-08-10,1 wk ahead inc death,2020-08-15,21,quantile,0.3,34
2020-08-10,1 wk ahead inc death,2020-08-15,21,quantile,0.35,36
2020-08-10,1 wk ahead inc death,2020-08-15,21,quantile,0.4,38
2020-08-10,1 wk ahead inc death,2020-08-15,21,quantile,0.45,41
2020-08-10,1 wk ahead inc death,2020-08-15,21,quantile,0.5,43
2020-08-10,1 wk ahead inc death,2020-08-15,21,quantile,0.55,45
2020-08-10,1 wk ahead inc death,2020-08-15,21,quantile,0.6,47
2020-08-10,1 wk ahead inc death,2020-08-15,21,quantile,0.65,49
2020-08-10,1 wk ahead inc death,2020-08-15,21,quantile,0.7,51
2020-08-10,1 wk ahead inc death,2020-08-15,21,quantile,0.75,54
2020-08-10,1 wk ahead inc death,2020-08-15,21,quantile,0.8,57
2020-08-10,1 wk ahead inc death,2020-08-15,21,quantile,0.85,61
2020-08-10,1 wk ahead inc death,2020-08-15,21,quantile,0.9,67
2020-08-10,1 wk ahead inc death,2020-08-15,21,quantile,0.95,74
2020-08-10,1 wk ahead inc death,2020-08-15,21,quantile,0.975,80
2020-08-10,1 wk ahead inc death,2020-08-15,21,quantile,0.99,88
2020-08-10,1 wk ahead inc death,2020-08-15,22,quantile,0.01,152
2020-08-10,1 wk ahead inc death,2020-08-15,22,quantile,0.025,165
2020-08-10,1 wk ahead inc death,2020-08-15,22,quantile,0.05,178
2020-08-10,1 wk ahead inc death,2020-08-15,22,quantile,0.1,192
2020-08-10,1 wk ahead inc death,2020-08-15,22,quantile,0.15,202
2020-08-10,1 wk ahead inc death,2020-08-15,22,quantile,0.2,212
2020-08-10,1 wk ahead inc death,2020-08-15,22,quantile,0.25,221
2020-08-10,1 wk ahead inc death,2020-08-15,22,quantile,0.3,229
2020-08-10,1 wk ahead inc death,2020-08-15,22,quantile,0.35,236
2020-08-10,1 wk ahead inc death,2020-08-15,22,quantile,0.4,243
2020-08-10,1 wk ahead inc death,2020-08-15,22,quantile,0.45,250
2020-08-10,1 wk ahead inc death,2020-08-15,22,quantile,0.5,258
2020-08-10,1 wk ahead inc death,2020-08-15,22,quantile,0.55,265
2020-08-10,1 wk ahead inc death,2020-08-15,22,quantile,0.6,273
2020-08-10,1 wk ahead inc death,2020-08-15,22,quantile,0.65,281
2020-08-10,1 wk ahead inc death,2020-08-15,22,quantile,0.7,290
2020-08-10,1 wk ahead inc death,2020-08-15,22,quantile,0.75,299
2020-08-10,1 wk ahead inc death,2020-08-15,22,quantile,0.8,311
2020-08-10,1 wk ahead inc death,2020-08-15,22,quantile,0.85,325
2020-08-10,1 wk ahead inc death,2020-08-15,22,quantile,0.9,346
2020-08-10,1 wk ahead inc death,2020-08-15,22,quantile,0.95,374
2020-08-10,1 wk ahead inc death,2020-08-15,22,quantile,0.975,401
2020-08-10,1 wk ahead inc death,2020-08-15,22,quantile,0.99,437
2020-08-10,1 wk ahead inc death,2020-08-15,23,quantile,0.01,0
2020-08-10,1 wk ahead inc death,2020-08-15,23,quantile,0.025,0
2020-08-10,1 wk ahead inc death,2020-08-15,23,quantile,0.05,0
2020-08-10,1 wk ahead inc death,2020-08-15,23,quantile,0.1,0
2020-08-10,1 wk ahead inc death,2020-08-15,23,quantile,0.15,1
2020-08-10,1 wk ahead inc death,2020-08-15,23,quantile,0.2,1
2020-08-10,1 wk ahead inc death,2020-08-15,23,quantile,0.25,1
2020-08-10,1 wk ahead inc death,2020-08-15,23,quantile,0.3,1
2020-08-10,1 wk ahead inc death,2020-08-15,23,quantile,0.35,1
2020-08-10,1 wk ahead inc death,2020-08-15,23,quantile,0.4,1
2020-08-10,1 wk ahead inc death,2020-08-15,23,quantile,0.45,2
2020-08-10,1 wk ahead inc death,2020-08-15,23,quantile,0.5,2
2020-08-10,1 wk ahead inc death,2020-08-15,23,quantile,0.55,3
2020-08-10,1 wk ahead inc death,2020-08-15,23,quantile,0.6,3
2020-08-10,1 wk ahead inc death,2020-08-15,23,quantile,0.65,3
2020-08-10,1 wk ahead inc death,2020-08-15,23,quantile,0.7,4
2020-08-10,1 wk ahead inc death,2020-08-15,23,quantile,0.75,4
2020-08-10,1 wk ahead inc death,2020-08-15,23,quantile,0.8,4
2020-08-10,1 wk ahead inc death,2020-08-15,23,quantile,0.85,4
2020-08-10,1 wk ahead inc death,2020-08-15,23,quantile,0.9,5
2020-08-10,1 wk ahead inc death,2020-08-15,23,quantile,0.95,6
2020-08-10,1 wk ahead inc death,2020-08-15,23,quantile,0.975,6
2020-08-10,1 wk ahead inc death,2020-08-15,23,quantile,0.99,8
2020-08-10,1 wk ahead inc death,2020-08-15,24,quantile,0.01,50
2020-08-10,1 wk ahead inc death,2020-08-15,24,quantile,0.025,54
2020-08-10,1 wk ahead inc death,2020-08-15,24,quantile,0.05,57
2020-08-10,1 wk ahead inc death,2020-08-15,24,quantile,0.1,63
2020-08-10,1 wk ahead inc death,2020-08-15,24,quantile,0.15,66
2020-08-10,1 wk ahead inc death,2020-08-15,24,quantile,0.2,69
2020-08-10,1 wk ahead inc death,2020-08-15,24,quantile,0.25,72
2020-08-10,1 wk ahead inc death,2020-08-15,24,quantile,0.3,75
2020-08-10,1 wk ahead inc death,2020-08-15,24,quantile,0.35,78
2020-08-10,1 wk ahead inc death,2020-08-15,24,quantile,0.4,80
2020-08-10,1 wk ahead inc death,2020-08-15,24,quantile,0.45,83
2020-08-10,1 wk ahead inc death,2020-08-15,24,quantile,0.5,87
2020-08-10,1 wk ahead inc death,2020-08-15,24,quantile,0.55,90
2020-08-10,1 wk ahead inc death,2020-08-15,24,quantile,0.6,93
2020-08-10,1 wk ahead inc death,2020-08-15,24,quantile,0.65,97
2020-08-10,1 wk ahead inc death,2020-08-15,24,quantile,0.7,100
2020-08-10,1 wk ahead inc death,2020-08-15,24,quantile,0.75,104
2020-08-10,1 wk ahead inc death,2020-08-15,24,quantile,0.8,109
2020-08-10,1 wk ahead inc death,2020-08-15,24,quantile,0.85,114
2020-08-10,1 wk ahead inc death,2020-08-15,24,quantile,0.9,122
2020-08-10,1 wk ahead inc death,2020-08-15,24,quantile,0.95,131
2020-08-10,1 wk ahead inc death,2020-08-15,24,quantile,0.975,141
2020-08-10,1 wk ahead inc death,2020-08-15,24,quantile,0.99,153
2020-08-10,1 wk ahead inc death,2020-08-15,25,quantile,0.01,44
2020-08-10,1 wk ahead inc death,2020-08-15,25,quantile,0.025,50
2020-08-10,1 wk ahead inc death,2020-08-15,25,quantile,0.05,57
2020-08-10,1 wk ahead inc death,2020-08-15,25,quantile,0.1,64
2020-08-10,1 wk ahead inc death,2020-08-15,25,quantile,0.15,70
2020-08-10,1 wk ahead inc death,2020-08-15,25,quantile,0.2,76
2020-08-10,1 wk ahead inc death,2020-08-15,25,quantile,0.25,81
2020-08-10,1 wk ahead inc death,2020-08-15,25,quantile,0.3,86
2020-08-10,1 wk ahead inc death,2020-08-15,25,quantile,0.35,92
2020-08-10,1 wk ahead inc death,2020-08-15,25,quantile,0.4,98
2020-08-10,1 wk ahead inc death,2020-08-15,25,quantile,0.45,104
2020-08-10,1 wk ahead inc death,2020-08-15,25,quantile,0.5,109
2020-08-10,1 wk ahead inc death,2020-08-15,25,quantile,0.55,114
2020-08-10,1 wk ahead inc death,2020-08-15,25,quantile,0.6,119
2020-08-10,1 wk ahead inc death,2020-08-15,25,quantile,0.65,125
2020-08-10,1 wk ahead inc death,2020-08-15,25,quantile,0.7,131
2020-08-10,1 wk ahead inc death,2020-08-15,25,quantile,0.75,138
2020-08-10,1 wk ahead inc death,2020-08-15,25,quantile,0.8,147
2020-08-10,1 wk ahead inc death,2020-08-15,25,quantile,0.85,156
2020-08-10,1 wk ahead inc death,2020-08-15,25,quantile,0.9,167
2020-08-10,1 wk ahead inc death,2020-08-15,25,quantile,0.95,183
2020-08-10,1 wk ahead inc death,2020-08-15,25,quantile,0.975,201
2020-08-10,1 wk ahead inc death,2020-08-15,25,quantile,0.99,225
2020-08-10,1 wk ahead inc death,2020-08-15,26,quantile,0.01,41
2020-08-10,1 wk ahead inc death,2020-08-15,26,quantile,0.025,45
2020-08-10,1 wk ahead inc death,2020-08-15,26,quantile,0.05,48
2020-08-10,1 wk ahead inc death,2020-08-15,26,quantile,0.1,54
2020-08-10,1 wk ahead inc death,2020-08-15,26,quantile,0.15,58
2020-08-10,1 wk ahead inc death,2020-08-15,26,quantile,0.2,62
2020-08-10,1 wk ahead inc death,2020-08-15,26,quantile,0.25,65
2020-08-10,1 wk ahead inc death,2020-08-15,26,quantile,0.3,68
2020-08-10,1 wk ahead inc death,2020-08-15,26,quantile,0.35,71
2020-08-10,1 wk ahead inc death,2020-08-15,26,quantile,0.4,74
2020-08-10,1 wk ahead inc death,2020-08-15,26,quantile,0.45,78
2020-08-10,1 wk ahead inc death,2020-08-15,26,quantile,0.5,81
2020-08-10,1 wk ahead inc death,2020-08-15,26,quantile,0.55,85
2020-08-10,1 wk ahead inc death,2020-08-15,26,quantile,0.6,87
2020-08-10,1 wk ahead inc death,2020-08-15,26,quantile,0.65,91
2020-08-10,1 wk ahead inc death,2020-08-15,26,quantile,0.7,95
2020-08-10,1 wk ahead inc death,2020-08-15,26,quantile,0.75,99
2020-08-10,1 wk ahead inc death,2020-08-15,26,quantile,0.8,104
2020-08-10,1 wk ahead inc death,2020-08-15,26,quantile,0.85,111
2020-08-10,1 wk ahead inc death,2020-08-15,26,quantile,0.9,119
2020-08-10,1 wk ahead inc death,2020-08-15,26,quantile,0.95,133
2020-08-10,1 wk ahead inc death,2020-08-15,26,quantile,0.975,146
2020-08-10,1 wk ahead inc death,2020-08-15,26,quantile,0.99,160
2020-08-10,1 wk ahead inc death,2020-08-15,27,quantile,0.01,29
2020-08-10,1 wk ahead inc death,2020-08-15,27,quantile,0.025,32
2020-08-10,1 wk ahead inc death,2020-08-15,27,quantile,0.05,36
2020-08-10,1 wk ahead inc death,2020-08-15,27,quantile,0.1,39
2020-08-10,1 wk ahead inc death,2020-08-15,27,quantile,0.15,41
2020-08-10,1 wk ahead inc death,2020-08-15,27,quantile,0.2,43
2020-08-10,1 wk ahead inc death,2020-08-15,27,quantile,0.25,46
2020-08-10,1 wk ahead inc death,2020-08-15,27,quantile,0.3,48
2020-08-10,1 wk ahead inc death,2020-08-15,27,quantile,0.35,49
2020-08-10,1 wk ahead inc death,2020-08-15,27,quantile,0.4,51
2020-08-10,1 wk ahead inc death,2020-08-15,27,quantile,0.45,53
2020-08-10,1 wk ahead inc death,2020-08-15,27,quantile,0.5,55
2020-08-10,1 wk ahead inc death,2020-08-15,27,quantile,0.55,58
2020-08-10,1 wk ahead inc death,2020-08-15,27,quantile,0.6,60
2020-08-10,1 wk ahead inc death,2020-08-15,27,quantile,0.65,62
2020-08-10,1 wk ahead inc death,2020-08-15,27,quantile,0.7,64
2020-08-10,1 wk ahead inc death,2020-08-15,27,quantile,0.75,67
2020-08-10,1 wk ahead inc death,2020-08-15,27,quantile,0.8,70
2020-08-10,1 wk ahead inc death,2020-08-15,27,quantile,0.85,73
2020-08-10,1 wk ahead inc death,2020-08-15,27,quantile,0.9,79
2020-08-10,1 wk ahead inc death,2020-08-15,27,quantile,0.95,86
2020-08-10,1 wk ahead inc death,2020-08-15,27,quantile,0.975,92
2020-08-10,1 wk ahead inc death,2020-08-15,27,quantile,0.99,100
2020-08-10,1 wk ahead inc death,2020-08-15,28,quantile,0.01,105
2020-08-10,1 wk ahead inc death,2020-08-15,28,quantile,0.025,113
2020-08-10,1 wk ahead inc death,2020-08-15,28,quantile,0.05,121
2020-08-10,1 wk ahead inc death,2020-08-15,28,quantile,0.1,131
2020-08-10,1 wk ahead inc death,2020-08-15,28,quantile,0.15,141
2020-08-10,1 wk ahead inc death,2020-08-15,28,quantile,0.2,147
2020-08-10,1 wk ahead inc death,2020-08-15,28,quantile,0.25,153
2020-08-10,1 wk ahead inc death,2020-08-15,28,quantile,0.3,159
2020-08-10,1 wk ahead inc death,2020-08-15,28,quantile,0.35,164
2020-08-10,1 wk ahead inc death,2020-08-15,28,quantile,0.4,170
2020-08-10,1 wk ahead inc death,2020-08-15,28,quantile,0.45,175
2020-08-10,1 wk ahead inc death,2020-08-15,28,quantile,0.5,181
2020-08-10,1 wk ahead inc death,2020-08-15,28,quantile,0.55,187
2020-08-10,1 wk ahead inc death,2020-08-15,28,quantile,0.6,193
2020-08-10,1 wk ahead inc death,2020-08-15,28,quantile,0.65,198
2020-08-10,1 wk ahead inc death,2020-08-15,28,quantile,0.7,205
2020-08-10,1 wk ahead inc death,2020-08-15,28,quantile,0.75,212
2020-08-10,1 wk ahead inc death,2020-08-15,28,quantile,0.8,221
2020-08-10,1 wk ahead inc death,2020-08-15,28,quantile,0.85,230
2020-08-10,1 wk ahead inc death,2020-08-15,28,quantile,0.9,244
2020-08-10,1 wk ahead inc death,2020-08-15,28,quantile,0.95,264
2020-08-10,1 wk ahead inc death,2020-08-15,28,quantile,0.975,282
2020-08-10,1 wk ahead inc death,2020-08-15,28,quantile,0.99,302
2020-08-10,1 wk ahead inc death,2020-08-15,29,quantile,0.01,34
2020-08-10,1 wk ahead inc death,2020-08-15,29,quantile,0.025,38
2020-08-10,1 wk ahead inc death,2020-08-15,29,quantile,0.05,42
2020-08-10,1 wk ahead inc death,2020-08-15,29,quantile,0.1,47
2020-08-10,1 wk ahead inc death,2020-08-15,29,quantile,0.15,51
2020-08-10,1 wk ahead inc death,2020-08-15,29,quantile,0.2,54
2020-08-10,1 wk ahead inc death,2020-08-15,29,quantile,0.25,57
2020-08-10,1 wk ahead inc death,2020-08-15,29,quantile,0.3,59
2020-08-10,1 wk ahead inc death,2020-08-15,29,quantile,0.35,62
2020-08-10,1 wk ahead inc death,2020-08-15,29,quantile,0.4,64
2020-08-10,1 wk ahead inc death,2020-08-15,29,quantile,0.45,67
2020-08-10,1 wk ahead inc death,2020-08-15,29,quantile,0.5,70
2020-08-10,1 wk ahead inc death,2020-08-15,29,quantile,0.55,72
2020-08-10,1 wk ahead inc death,2020-08-15,29,quantile,0.6,74
2020-08-10,1 wk ahead inc death,2020-08-15,29,quantile,0.65,78
2020-08-10,1 wk ahead inc death,2020-08-15,29,quantile,0.7,80
2020-08-10,1 wk ahead inc death,2020-08-15,29,quantile,0.75,83
2020-08-10,1 wk ahead inc death,2020-08-15,29,quantile,0.8,87
2020-08-10,1 wk ahead inc death,2020-08-15,29,quantile,0.85,92
2020-08-10,1 wk ahead inc death,2020-08-15,29,quantile,0.9,97
2020-08-10,1 wk ahead inc death,2020-08-15,29,quantile,0.95,105
2020-08-10,1 wk ahead inc death,2020-08-15,29,quantile,0.975,113
2020-08-10,1 wk ahead inc death,2020-08-15,29,quantile,0.99,124
2020-08-10,1 wk ahead inc death,2020-08-15,30,quantile,0.01,5
2020-08-10,1 wk ahead inc death,2020-08-15,30,quantile,0.025,6
2020-08-10,1 wk ahead inc death,2020-08-15,30,quantile,0.05,7
2020-08-10,1 wk ahead inc death,2020-08-15,30,quantile,0.1,8
2020-08-10,1 wk ahead inc death,2020-08-15,30,quantile,0.15,8
2020-08-10,1 wk ahead inc death,2020-08-15,30,quantile,0.2,9
2020-08-10,1 wk ahead inc death,2020-08-15,30,quantile,0.25,10
2020-08-10,1 wk ahead inc death,2020-08-15,30,quantile,0.3,10
2020-08-10,1 wk ahead inc death,2020-08-15,30,quantile,0.35,11
2020-08-10,1 wk ahead inc death,2020-08-15,30,quantile,0.4,11
2020-08-10,1 wk ahead inc death,2020-08-15,30,quantile,0.45,12
2020-08-10,1 wk ahead inc death,2020-08-15,30,quantile,0.5,13
2020-08-10,1 wk ahead inc death,2020-08-15,30,quantile,0.55,14
2020-08-10,1 wk ahead inc death,2020-08-15,30,quantile,0.6,15
2020-08-10,1 wk ahead inc death,2020-08-15,30,quantile,0.65,15
2020-08-10,1 wk ahead inc death,2020-08-15,30,quantile,0.7,16
2020-08-10,1 wk ahead inc death,2020-08-15,30,quantile,0.75,17
2020-08-10,1 wk ahead inc death,2020-08-15,30,quantile,0.8,18
2020-08-10,1 wk ahead inc death,2020-08-15,30,quantile,0.85,19
2020-08-10,1 wk ahead inc death,2020-08-15,30,quantile,0.9,20
2020-08-10,1 wk ahead inc death,2020-08-15,30,quantile,0.95,23
2020-08-10,1 wk ahead inc death,2020-08-15,30,quantile,0.975,25
2020-08-10,1 wk ahead inc death,2020-08-15,30,quantile,0.99,27
2020-08-10,1 wk ahead inc death,2020-08-15,31,quantile,0.01,5
2020-08-10,1 wk ahead inc death,2020-08-15,31,quantile,0.025,5
2020-08-10,1 wk ahead inc death,2020-08-15,31,quantile,0.05,7
2020-08-10,1 wk ahead inc death,2020-08-15,31,quantile,0.1,8
2020-08-10,1 wk ahead inc death,2020-08-15,31,quantile,0.15,9
2020-08-10,1 wk ahead inc death,2020-08-15,31,quantile,0.2,10
2020-08-10,1 wk ahead inc death,2020-08-15,31,quantile,0.25,11
2020-08-10,1 wk ahead inc death,2020-08-15,31,quantile,0.3,12
2020-08-10,1 wk ahead inc death,2020-08-15,31,quantile,0.35,13
2020-08-10,1 wk ahead inc death,2020-08-15,31,quantile,0.4,13
2020-08-10,1 wk ahead inc death,2020-08-15,31,quantile,0.45,14
2020-08-10,1 wk ahead inc death,2020-08-15,31,quantile,0.5,15
2020-08-10,1 wk ahead inc death,2020-08-15,31,quantile,0.55,17
2020-08-10,1 wk ahead inc death,2020-08-15,31,quantile,0.6,18
2020-08-10,1 wk ahead inc death,2020-08-15,31,quantile,0.65,19
2020-08-10,1 wk ahead inc death,2020-08-15,31,quantile,0.7,20
2020-08-10,1 wk ahead inc death,2020-08-15,31,quantile,0.75,21
2020-08-10,1 wk ahead inc death,2020-08-15,31,quantile,0.8,23
2020-08-10,1 wk ahead inc death,2020-08-15,31,quantile,0.85,24
2020-08-10,1 wk ahead inc death,2020-08-15,31,quantile,0.9,27
2020-08-10,1 wk ahead inc death,2020-08-15,31,quantile,0.95,30
2020-08-10,1 wk ahead inc death,2020-08-15,31,quantile,0.975,34
2020-08-10,1 wk ahead inc death,2020-08-15,31,quantile,0.99,37
2020-08-10,1 wk ahead inc death,2020-08-15,32,quantile,0.01,61
2020-08-10,1 wk ahead inc death,2020-08-15,32,quantile,0.025,67
2020-08-10,1 wk ahead inc death,2020-08-15,32,quantile,0.05,72
2020-08-10,1 wk ahead inc death,2020-08-15,32,quantile,0.1,79
2020-08-10,1 wk ahead inc death,2020-08-15,32,quantile,0.15,84
2020-08-10,1 wk ahead inc death,2020-08-15,32,quantile,0.2,88
2020-08-10,1 wk ahead inc death,2020-08-15,32,quantile,0.25,92
2020-08-10,1 wk ahead inc death,2020-08-15,32,quantile,0.3,95
2020-08-10,1 wk ahead inc death,2020-08-15,32,quantile,0.35,98
2020-08-10,1 wk ahead inc death,2020-08-15,32,quantile,0.4,101
2020-08-10,1 wk ahead inc death,2020-08-15,32,quantile,0.45,104
2020-08-10,1 wk ahead inc death,2020-08-15,32,quantile,0.5,108
2020-08-10,1 wk ahead inc death,2020-08-15,32,quantile,0.55,112
2020-08-10,1 wk ahead inc death,2020-08-15,32,quantile,0.6,116
2020-08-10,1 wk ahead inc death,2020-08-15,32,quantile,0.65,119
2020-08-10,1 wk ahead inc death,2020-08-15,32,quantile,0.7,123
2020-08-10,1 wk ahead inc death,2020-08-15,32,quantile,0.75,127
2020-08-10,1 wk ahead inc death,2020-08-15,32,quantile,0.8,132
2020-08-10,1 wk ahead inc death,2020-08-15,32,quantile,0.85,138
2020-08-10,1 wk ahead inc death,2020-08-15,32,quantile,0.9,147
2020-08-10,1 wk ahead inc death,2020-08-15,32,quantile,0.95,161
2020-08-10,1 wk ahead inc death,2020-08-15,32,quantile,0.975,173
2020-08-10,1 wk ahead inc death,2020-08-15,32,quantile,0.99,187
2020-08-10,1 wk ahead inc death,2020-08-15,33,quantile,0.01,1
2020-08-10,1 wk ahead inc death,2020-08-15,33,quantile,0.025,1
2020-08-10,1 wk ahead inc death,2020-08-15,33,quantile,0.05,1
2020-08-10,1 wk ahead inc death,2020-08-15,33,quantile,0.1,2
2020-08-10,1 wk ahead inc death,2020-08-15,33,quantile,0.15,2
2020-08-10,1 wk ahead inc death,2020-08-15,33,quantile,0.2,3
2020-08-10,1 wk ahead inc death,2020-08-15,33,quantile,0.25,3
2020-08-10,1 wk ahead inc death,2020-08-15,33,quantile,0.3,3
2020-08-10,1 wk ahead inc death,2020-08-15,33,quantile,0.35,4
2020-08-10,1 wk ahead inc death,2020-08-15,33,quantile,0.4,4
2020-08-10,1 wk ahead inc death,2020-08-15,33,quantile,0.45,4
2020-08-10,1 wk ahead inc death,2020-08-15,33,quantile,0.5,6
2020-08-10,1 wk ahead inc death,2020-08-15,33,quantile,0.55,6
2020-08-10,1 wk ahead inc death,2020-08-15,33,quantile,0.6,7
2020-08-10,1 wk ahead inc death,2020-08-15,33,quantile,0.65,8
2020-08-10,1 wk ahead inc death,2020-08-15,33,quantile,0.7,8
2020-08-10,1 wk ahead inc death,2020-08-15,33,quantile,0.75,9
2020-08-10,1 wk ahead inc death,2020-08-15,33,quantile,0.8,10
2020-08-10,1 wk ahead inc death,2020-08-15,33,quantile,0.85,10
2020-08-10,1 wk ahead inc death,2020-08-15,33,quantile,0.9,12
2020-08-10,1 wk ahead inc death,2020-08-15,33,quantile,0.95,14
2020-08-10,1 wk ahead inc death,2020-08-15,33,quantile,0.975,15
2020-08-10,1 wk ahead inc death,2020-08-15,33,quantile,0.99,17
2020-08-10,1 wk ahead inc death,2020-08-15,34,quantile,0.01,31
2020-08-10,1 wk ahead inc death,2020-08-15,34,quantile,0.025,35
2020-08-10,1 wk ahead inc death,2020-08-15,34,quantile,0.05,38
2020-08-10,1 wk ahead inc death,2020-08-15,34,quantile,0.1,42
2020-08-10,1 wk ahead inc death,2020-08-15,34,quantile,0.15,45
2020-08-10,1 wk ahead inc death,2020-08-15,34,quantile,0.2,47
2020-08-10,1 wk ahead inc death,2020-08-15,34,quantile,0.25,50
2020-08-10,1 wk ahead inc death,2020-08-15,34,quantile,0.3,52
2020-08-10,1 wk ahead inc death,2020-08-15,34,quantile,0.35,55
2020-08-10,1 wk ahead inc death,2020-08-15,34,quantile,0.4,57
2020-08-10,1 wk ahead inc death,2020-08-15,34,quantile,0.45,60
2020-08-10,1 wk ahead inc death,2020-08-15,34,quantile,0.5,64
2020-08-10,1 wk ahead inc death,2020-08-15,34,quantile,0.55,67
2020-08-10,1 wk ahead inc death,2020-08-15,34,quantile,0.6,70
2020-08-10,1 wk ahead inc death,2020-08-15,34,quantile,0.65,74
2020-08-10,1 wk ahead inc death,2020-08-15,34,quantile,0.7,78
2020-08-10,1 wk ahead inc death,2020-08-15,34,quantile,0.75,82
2020-08-10,1 wk ahead inc death,2020-08-15,34,quantile,0.8,87
2020-08-10,1 wk ahead inc death,2020-08-15,34,quantile,0.85,93
2020-08-10,1 wk ahead inc death,2020-08-15,34,quantile,0.9,103
2020-08-10,1 wk ahead inc death,2020-08-15,34,quantile,0.95,117
2020-08-10,1 wk ahead inc death,2020-08-15,34,quantile,0.975,129
2020-08-10,1 wk ahead inc death,2020-08-15,34,quantile,0.99,142
2020-08-10,1 wk ahead inc death,2020-08-15,35,quantile,0.01,18
2020-08-10,1 wk ahead inc death,2020-08-15,35,quantile,0.025,20
2020-08-10,1 wk ahead inc death,2020-08-15,35,quantile,0.05,21
2020-08-10,1 wk ahead inc death,2020-08-15,35,quantile,0.1,24
2020-08-10,1 wk ahead inc death,2020-08-15,35,quantile,0.15,25
2020-08-10,1 wk ahead inc death,2020-08-15,35,quantile,0.2,27
2020-08-10,1 wk ahead inc death,2020-08-15,35,quantile,0.25,28
2020-08-10,1 wk ahead inc death,2020-08-15,35,quantile,0.3,29
2020-08-10,1 wk ahead inc death,2020-08-15,35,quantile,0.35,30
2020-08-10,1 wk ahead inc death,2020-08-15,35,quantile,0.4,31
2020-08-10,1 wk ahead inc death,2020-08-15,35,quantile,0.45,32
2020-08-10,1 wk ahead inc death,2020-08-15,35,quantile,0.5,34
2020-08-10,1 wk ahead inc death,2020-08-15,35,quantile,0.55,35
2020-08-10,1 wk ahead inc death,2020-08-15,35,quantile,0.6,36
2020-08-10,1 wk ahead inc death,2020-08-15,35,quantile,0.65,37
2020-08-10,1 wk ahead inc death,2020-08-15,35,quantile,0.7,39
2020-08-10,1 wk ahead inc death,2020-08-15,35,quantile,0.75,40
2020-08-10,1 wk ahead inc death,2020-08-15,35,quantile,0.8,42
2020-08-10,1 wk ahead inc death,2020-08-15,35,quantile,0.85,44
2020-08-10,1 wk ahead inc death,2020-08-15,35,quantile,0.9,46
2020-08-10,1 wk ahead inc death,2020-08-15,35,quantile,0.95,50
2020-08-10,1 wk ahead inc death,2020-08-15,35,quantile,0.975,54
2020-08-10,1 wk ahead inc death,2020-08-15,35,quantile,0.99,59
2020-08-10,1 wk ahead inc death,2020-08-15,36,quantile,0.01,41
2020-08-10,1 wk ahead inc death,2020-08-15,36,quantile,0.025,45
2020-08-10,1 wk ahead inc death,2020-08-15,36,quantile,0.05,51
2020-08-10,1 wk ahead inc death,2020-08-15,36,quantile,0.1,56
2020-08-10,1 wk ahead inc death,2020-08-15,36,quantile,0.15,61
2020-08-10,1 wk ahead inc death,2020-08-15,36,quantile,0.2,65
2020-08-10,1 wk ahead inc death,2020-08-15,36,quantile,0.25,69
2020-08-10,1 wk ahead inc death,2020-08-15,36,quantile,0.3,72
2020-08-10,1 wk ahead inc death,2020-08-15,36,quantile,0.35,76
2020-08-10,1 wk ahead inc death,2020-08-15,36,quantile,0.4,80
2020-08-10,1 wk ahead inc death,2020-08-15,36,quantile,0.45,83
2020-08-10,1 wk ahead inc death,2020-08-15,36,quantile,0.5,87
2020-08-10,1 wk ahead inc death,2020-08-15,36,quantile,0.55,92
2020-08-10,1 wk ahead inc death,2020-08-15,36,quantile,0.6,97
2020-08-10,1 wk ahead inc death,2020-08-15,36,quantile,0.65,102
2020-08-10,1 wk ahead inc death,2020-08-15,36,quantile,0.7,107
2020-08-10,1 wk ahead inc death,2020-08-15,36,quantile,0.75,115
2020-08-10,1 wk ahead inc death,2020-08-15,36,quantile,0.8,124
2020-08-10,1 wk ahead inc death,2020-08-15,36,quantile,0.85,137
2020-08-10,1 wk ahead inc death,2020-08-15,36,quantile,0.9,155
2020-08-10,1 wk ahead inc death,2020-08-15,36,quantile,0.95,204
2020-08-10,1 wk ahead inc death,2020-08-15,36,quantile,0.975,245
2020-08-10,1 wk ahead inc death,2020-08-15,36,quantile,0.99,275
2020-08-10,1 wk ahead inc death,2020-08-15,37,quantile,0.01,104
2020-08-10,1 wk ahead inc death,2020-08-15,37,quantile,0.025,114
2020-08-10,1 wk ahead inc death,2020-08-15,37,quantile,0.05,120
2020-08-10,1 wk ahead inc death,2020-08-15,37,quantile,0.1,131
2020-08-10,1 wk ahead inc death,2020-08-15,37,quantile,0.15,139
2020-08-10,1 wk ahead inc death,2020-08-15,37,quantile,0.2,145
2020-08-10,1 wk ahead inc death,2020-08-15,37,quantile,0.25,151
2020-08-10,1 wk ahead inc death,2020-08-15,37,quantile,0.3,156
2020-08-10,1 wk ahead inc death,2020-08-15,37,quantile,0.35,162
2020-08-10,1 wk ahead inc death,2020-08-15,37,quantile,0.4,167
2020-08-10,1 wk ahead inc death,2020-08-15,37,quantile,0.45,172
2020-08-10,1 wk ahead inc death,2020-08-15,37,quantile,0.5,177
2020-08-10,1 wk ahead inc death,2020-08-15,37,quantile,0.55,183
2020-08-10,1 wk ahead inc death,2020-08-15,37,quantile,0.6,188
2020-08-10,1 wk ahead inc death,2020-08-15,37,quantile,0.65,192
2020-08-10,1 wk ahead inc death,2020-08-15,37,quantile,0.7,199
2020-08-10,1 wk ahead inc death,2020-08-15,37,quantile,0.75,205
2020-08-10,1 wk ahead inc death,2020-08-15,37,quantile,0.8,214
2020-08-10,1 wk ahead inc death,2020-08-15,37,quantile,0.85,223
2020-08-10,1 wk ahead inc death,2020-08-15,37,quantile,0.9,235
2020-08-10,1 wk ahead inc death,2020-08-15,37,quantile,0.95,253
2020-08-10,1 wk ahead inc death,2020-08-15,37,quantile,0.975,272
2020-08-10,1 wk ahead inc death,2020-08-15,37,quantile,0.99,294
2020-08-10,1 wk ahead inc death,2020-08-15,38,quantile,0.01,2
2020-08-10,1 wk ahead inc death,2020-08-15,38,quantile,0.025,2
2020-08-10,1 wk ahead inc death,2020-08-15,38,quantile,0.05,3
2020-08-10,1 wk ahead inc death,2020-08-15,38,quantile,0.1,3
2020-08-10,1 wk ahead inc death,2020-08-15,38,quantile,0.15,4
2020-08-10,1 wk ahead inc death,2020-08-15,38,quantile,0.2,4
2020-08-10,1 wk ahead inc death,2020-08-15,38,quantile,0.25,5
2020-08-10,1 wk ahead inc death,2020-08-15,38,quantile,0.3,5
2020-08-10,1 wk ahead inc death,2020-08-15,38,quantile,0.35,6
2020-08-10,1 wk ahead inc death,2020-08-15,38,quantile,0.4,6
2020-08-10,1 wk ahead inc death,2020-08-15,38,quantile,0.45,6
2020-08-10,1 wk ahead inc death,2020-08-15,38,quantile,0.5,7
2020-08-10,1 wk ahead inc death,2020-08-15,38,quantile,0.55,8
2020-08-10,1 wk ahead inc death,2020-08-15,38,quantile,0.6,9
2020-08-10,1 wk ahead inc death,2020-08-15,38,quantile,0.65,9
2020-08-10,1 wk ahead inc death,2020-08-15,38,quantile,0.7,10
2020-08-10,1 wk ahead inc death,2020-08-15,38,quantile,0.75,10
2020-08-10,1 wk ahead inc death,2020-08-15,38,quantile,0.8,11
2020-08-10,1 wk ahead inc death,2020-08-15,38,quantile,0.85,12
2020-08-10,1 wk ahead inc death,2020-08-15,38,quantile,0.9,13
2020-08-10,1 wk ahead inc death,2020-08-15,38,quantile,0.95,15
2020-08-10,1 wk ahead inc death,2020-08-15,38,quantile,0.975,16
2020-08-10,1 wk ahead inc death,2020-08-15,38,quantile,0.99,18
2020-08-10,1 wk ahead inc death,2020-08-15,39,quantile,0.01,89
2020-08-10,1 wk ahead inc death,2020-08-15,39,quantile,0.025,97
2020-08-10,1 wk ahead inc death,2020-08-15,39,quantile,0.05,105
2020-08-10,1 wk ahead inc death,2020-08-15,39,quantile,0.1,116
2020-08-10,1 wk ahead inc death,2020-08-15,39,quantile,0.15,124
2020-08-10,1 wk ahead inc death,2020-08-15,39,quantile,0.2,132
2020-08-10,1 wk ahead inc death,2020-08-15,39,quantile,0.25,138
2020-08-10,1 wk ahead inc death,2020-08-15,39,quantile,0.3,143
2020-08-10,1 wk ahead inc death,2020-08-15,39,quantile,0.35,150
2020-08-10,1 wk ahead inc death,2020-08-15,39,quantile,0.4,156
2020-08-10,1 wk ahead inc death,2020-08-15,39,quantile,0.45,163
2020-08-10,1 wk ahead inc death,2020-08-15,39,quantile,0.5,169
2020-08-10,1 wk ahead inc death,2020-08-15,39,quantile,0.55,176
2020-08-10,1 wk ahead inc death,2020-08-15,39,quantile,0.6,181
2020-08-10,1 wk ahead inc death,2020-08-15,39,quantile,0.65,187
2020-08-10,1 wk ahead inc death,2020-08-15,39,quantile,0.7,193
2020-08-10,1 wk ahead inc death,2020-08-15,39,quantile,0.75,200
2020-08-10,1 wk ahead inc death,2020-08-15,39,quantile,0.8,208
2020-08-10,1 wk ahead inc death,2020-08-15,39,quantile,0.85,217
2020-08-10,1 wk ahead inc death,2020-08-15,39,quantile,0.9,231
2020-08-10,1 wk ahead inc death,2020-08-15,39,quantile,0.95,253
2020-08-10,1 wk ahead inc death,2020-08-15,39,quantile,0.975,271
2020-08-10,1 wk ahead inc death,2020-08-15,39,quantile,0.99,295
2020-08-10,1 wk ahead inc death,2020-08-15,40,quantile,0.01,27
2020-08-10,1 wk ahead inc death,2020-08-15,40,quantile,0.025,30
2020-08-10,1 wk ahead inc death,2020-08-15,40,quantile,0.05,33
2020-08-10,1 wk ahead inc death,2020-08-15,40,quantile,0.1,37
2020-08-10,1 wk ahead inc death,2020-08-15,40,quantile,0.15,40
2020-08-10,1 wk ahead inc death,2020-08-15,40,quantile,0.2,42
2020-08-10,1 wk ahead inc death,2020-08-15,40,quantile,0.25,44
2020-08-10,1 wk ahead inc death,2020-08-15,40,quantile,0.3,45
2020-08-10,1 wk ahead inc death,2020-08-15,40,quantile,0.35,48
2020-08-10,1 wk ahead inc death,2020-08-15,40,quantile,0.4,50
2020-08-10,1 wk ahead inc death,2020-08-15,40,quantile,0.45,52
2020-08-10,1 wk ahead inc death,2020-08-15,40,quantile,0.5,54
2020-08-10,1 wk ahead inc death,2020-08-15,40,quantile,0.55,56
2020-08-10,1 wk ahead inc death,2020-08-15,40,quantile,0.6,58
2020-08-10,1 wk ahead inc death,2020-08-15,40,quantile,0.65,60
2020-08-10,1 wk ahead inc death,2020-08-15,40,quantile,0.7,62
2020-08-10,1 wk ahead inc death,2020-08-15,40,quantile,0.75,65
2020-08-10,1 wk ahead inc death,2020-08-15,40,quantile,0.8,68
2020-08-10,1 wk ahead inc death,2020-08-15,40,quantile,0.85,72
2020-08-10,1 wk ahead inc death,2020-08-15,40,quantile,0.9,77
2020-08-10,1 wk ahead inc death,2020-08-15,40,quantile,0.95,84
2020-08-10,1 wk ahead inc death,2020-08-15,40,quantile,0.975,90
2020-08-10,1 wk ahead inc death,2020-08-15,40,quantile,0.99,101
2020-08-10,1 wk ahead inc death,2020-08-15,41,quantile,0.01,15
2020-08-10,1 wk ahead inc death,2020-08-15,41,quantile,0.025,17
2020-08-10,1 wk ahead inc death,2020-08-15,41,quantile,0.05,18
2020-08-10,1 wk ahead inc death,2020-08-15,41,quantile,0.1,21
2020-08-10,1 wk ahead inc death,2020-08-15,41,quantile,0.15,22
2020-08-10,1 wk ahead inc death,2020-08-15,41,quantile,0.2,24
2020-08-10,1 wk ahead inc death,2020-08-15,41,quantile,0.25,25
2020-08-10,1 wk ahead inc death,2020-08-15,41,quantile,0.3,26
2020-08-10,1 wk ahead inc death,2020-08-15,41,quantile,0.35,27
2020-08-10,1 wk ahead inc death,2020-08-15,41,quantile,0.4,29
2020-08-10,1 wk ahead inc death,2020-08-15,41,quantile,0.45,30
2020-08-10,1 wk ahead inc death,2020-08-15,41,quantile,0.5,32
2020-08-10,1 wk ahead inc death,2020-08-15,41,quantile,0.55,34
2020-08-10,1 wk ahead inc death,2020-08-15,41,quantile,0.6,35
2020-08-10,1 wk ahead inc death,2020-08-15,41,quantile,0.65,36
2020-08-10,1 wk ahead inc death,2020-08-15,41,quantile,0.7,38
2020-08-10,1 wk ahead inc death,2020-08-15,41,quantile,0.75,39
2020-08-10,1 wk ahead inc death,2020-08-15,41,quantile,0.8,41
2020-08-10,1 wk ahead inc death,2020-08-15,41,quantile,0.85,44
2020-08-10,1 wk ahead inc death,2020-08-15,41,quantile,0.9,47
2020-08-10,1 wk ahead inc death,2020-08-15,41,quantile,0.95,52
2020-08-10,1 wk ahead inc death,2020-08-15,41,quantile,0.975,57
2020-08-10,1 wk ahead inc death,2020-08-15,41,quantile,0.99,61
2020-08-10,1 wk ahead inc death,2020-08-15,42,quantile,0.01,61
2020-08-10,1 wk ahead inc death,2020-08-15,42,quantile,0.025,66
2020-08-10,1 wk ahead inc death,2020-08-15,42,quantile,0.05,71
2020-08-10,1 wk ahead inc death,2020-08-15,42,quantile,0.1,78
2020-08-10,1 wk ahead inc death,2020-08-15,42,quantile,0.15,82
2020-08-10,1 wk ahead inc death,2020-08-15,42,quantile,0.2,87
2020-08-10,1 wk ahead inc death,2020-08-15,42,quantile,0.25,92
2020-08-10,1 wk ahead inc death,2020-08-15,42,quantile,0.3,96
2020-08-10,1 wk ahead inc death,2020-08-15,42,quantile,0.35,100
2020-08-10,1 wk ahead inc death,2020-08-15,42,quantile,0.4,103
2020-08-10,1 wk ahead inc death,2020-08-15,42,quantile,0.45,107
2020-08-10,1 wk ahead inc death,2020-08-15,42,quantile,0.5,111
2020-08-10,1 wk ahead inc death,2020-08-15,42,quantile,0.55,116
2020-08-10,1 wk ahead inc death,2020-08-15,42,quantile,0.6,121
2020-08-10,1 wk ahead inc death,2020-08-15,42,quantile,0.65,125
2020-08-10,1 wk ahead inc death,2020-08-15,42,quantile,0.7,129
2020-08-10,1 wk ahead inc death,2020-08-15,42,quantile,0.75,134
2020-08-10,1 wk ahead inc death,2020-08-15,42,quantile,0.8,141
2020-08-10,1 wk ahead inc death,2020-08-15,42,quantile,0.85,149
2020-08-10,1 wk ahead inc death,2020-08-15,42,quantile,0.9,159
2020-08-10,1 wk ahead inc death,2020-08-15,42,quantile,0.95,173
2020-08-10,1 wk ahead inc death,2020-08-15,42,quantile,0.975,185
2020-08-10,1 wk ahead inc death,2020-08-15,42,quantile,0.99,202
2020-08-10,1 wk ahead inc death,2020-08-15,44,quantile,0.01,1
2020-08-10,1 wk ahead inc death,2020-08-15,44,quantile,0.025,2
2020-08-10,1 wk ahead inc death,2020-08-15,44,quantile,0.05,2
2020-08-10,1 wk ahead inc death,2020-08-15,44,quantile,0.1,3
2020-08-10,1 wk ahead inc death,2020-08-15,44,quantile,0.15,4
2020-08-10,1 wk ahead inc death,2020-08-15,44,quantile,0.2,4
2020-08-10,1 wk ahead inc death,2020-08-15,44,quantile,0.25,5
2020-08-10,1 wk ahead inc death,2020-08-15,44,quantile,0.3,5
2020-08-10,1 wk ahead inc death,2020-08-15,44,quantile,0.35,6
2020-08-10,1 wk ahead inc death,2020-08-15,44,quantile,0.4,7
2020-08-10,1 wk ahead inc death,2020-08-15,44,quantile,0.45,7
2020-08-10,1 wk ahead inc death,2020-08-15,44,quantile,0.5,9
2020-08-10,1 wk ahead inc death,2020-08-15,44,quantile,0.55,10
2020-08-10,1 wk ahead inc death,2020-08-15,44,quantile,0.6,11
2020-08-10,1 wk ahead inc death,2020-08-15,44,quantile,0.65,12
2020-08-10,1 wk ahead inc death,2020-08-15,44,quantile,0.7,13
2020-08-10,1 wk ahead inc death,2020-08-15,44,quantile,0.75,14
2020-08-10,1 wk ahead inc death,2020-08-15,44,quantile,0.8,15
2020-08-10,1 wk ahead inc death,2020-08-15,44,quantile,0.85,17
2020-08-10,1 wk ahead inc death,2020-08-15,44,quantile,0.9,19
2020-08-10,1 wk ahead inc death,2020-08-15,44,quantile,0.95,22
2020-08-10,1 wk ahead inc death,2020-08-15,44,quantile,0.975,24
2020-08-10,1 wk ahead inc death,2020-08-15,44,quantile,0.99,28
2020-08-10,1 wk ahead inc death,2020-08-15,45,quantile,0.01,145
2020-08-10,1 wk ahead inc death,2020-08-15,45,quantile,0.025,156
2020-08-10,1 wk ahead inc death,2020-08-15,45,quantile,0.05,166
2020-08-10,1 wk ahead inc death,2020-08-15,45,quantile,0.1,177
2020-08-10,1 wk ahead inc death,2020-08-15,45,quantile,0.15,186
2020-08-10,1 wk ahead inc death,2020-08-15,45,quantile,0.2,196
2020-08-10,1 wk ahead inc death,2020-08-15,45,quantile,0.25,203
2020-08-10,1 wk ahead inc death,2020-08-15,45,quantile,0.3,210
2020-08-10,1 wk ahead inc death,2020-08-15,45,quantile,0.35,218
2020-08-10,1 wk ahead inc death,2020-08-15,45,quantile,0.4,227
2020-08-10,1 wk ahead inc death,2020-08-15,45,quantile,0.45,236
2020-08-10,1 wk ahead inc death,2020-08-15,45,quantile,0.5,245
2020-08-10,1 wk ahead inc death,2020-08-15,45,quantile,0.55,253
2020-08-10,1 wk ahead inc death,2020-08-15,45,quantile,0.6,259
2020-08-10,1 wk ahead inc death,2020-08-15,45,quantile,0.65,265
2020-08-10,1 wk ahead inc death,2020-08-15,45,quantile,0.7,272
2020-08-10,1 wk ahead inc death,2020-08-15,45,quantile,0.75,281
2020-08-10,1 wk ahead inc death,2020-08-15,45,quantile,0.8,292
2020-08-10,1 wk ahead inc death,2020-08-15,45,quantile,0.85,307
2020-08-10,1 wk ahead inc death,2020-08-15,45,quantile,0.9,324
2020-08-10,1 wk ahead inc death,2020-08-15,45,quantile,0.95,353
2020-08-10,1 wk ahead inc death,2020-08-15,45,quantile,0.975,379
2020-08-10,1 wk ahead inc death,2020-08-15,45,quantile,0.99,404
2020-08-10,1 wk ahead inc death,2020-08-15,46,quantile,0.01,3
2020-08-10,1 wk ahead inc death,2020-08-15,46,quantile,0.025,3
2020-08-10,1 wk ahead inc death,2020-08-15,46,quantile,0.05,4
2020-08-10,1 wk ahead inc death,2020-08-15,46,quantile,0.1,5
2020-08-10,1 wk ahead inc death,2020-08-15,46,quantile,0.15,6
2020-08-10,1 wk ahead inc death,2020-08-15,46,quantile,0.2,6
2020-08-10,1 wk ahead inc death,2020-08-15,46,quantile,0.25,7
2020-08-10,1 wk ahead inc death,2020-08-15,46,quantile,0.3,7
2020-08-10,1 wk ahead inc death,2020-08-15,46,quantile,0.35,8
2020-08-10,1 wk ahead inc death,2020-08-15,46,quantile,0.4,8
2020-08-10,1 wk ahead inc death,2020-08-15,46,quantile,0.45,9
2020-08-10,1 wk ahead inc death,2020-08-15,46,quantile,0.5,10
2020-08-10,1 wk ahead inc death,2020-08-15,46,quantile,0.55,11
2020-08-10,1 wk ahead inc death,2020-08-15,46,quantile,0.6,11
2020-08-10,1 wk ahead inc death,2020-08-15,46,quantile,0.65,12
2020-08-10,1 wk ahead inc death,2020-08-15,46,quantile,0.7,12
2020-08-10,1 wk ahead inc death,2020-08-15,46,quantile,0.75,13
2020-08-10,1 wk ahead inc death,2020-08-15,46,quantile,0.8,14
2020-08-10,1 wk ahead inc death,2020-08-15,46,quantile,0.85,15
2020-08-10,1 wk ahead inc death,2020-08-15,46,quantile,0.9,16
2020-08-10,1 wk ahead inc death,2020-08-15,46,quantile,0.95,18
2020-08-10,1 wk ahead inc death,2020-08-15,46,quantile,0.975,20
2020-08-10,1 wk ahead inc death,2020-08-15,46,quantile,0.99,23
2020-08-10,1 wk ahead inc death,2020-08-15,47,quantile,0.01,79
2020-08-10,1 wk ahead inc death,2020-08-15,47,quantile,0.025,86
2020-08-10,1 wk ahead inc death,2020-08-15,47,quantile,0.05,92
2020-08-10,1 wk ahead inc death,2020-08-15,47,quantile,0.1,100
2020-08-10,1 wk ahead inc death,2020-08-15,47,quantile,0.15,106
2020-08-10,1 wk ahead inc death,2020-08-15,47,quantile,0.2,112
2020-08-10,1 wk ahead inc death,2020-08-15,47,quantile,0.25,116
2020-08-10,1 wk ahead inc death,2020-08-15,47,quantile,0.3,120
2020-08-10,1 wk ahead inc death,2020-08-15,47,quantile,0.35,125
2020-08-10,1 wk ahead inc death,2020-08-15,47,quantile,0.4,128
2020-08-10,1 wk ahead inc death,2020-08-15,47,quantile,0.45,132
2020-08-10,1 wk ahead inc death,2020-08-15,47,quantile,0.5,137
2020-08-10,1 wk ahead inc death,2020-08-15,47,quantile,0.55,142
2020-08-10,1 wk ahead inc death,2020-08-15,47,quantile,0.6,146
2020-08-10,1 wk ahead inc death,2020-08-15,47,quantile,0.65,150
2020-08-10,1 wk ahead inc death,2020-08-15,47,quantile,0.7,155
2020-08-10,1 wk ahead inc death,2020-08-15,47,quantile,0.75,160
2020-08-10,1 wk ahead inc death,2020-08-15,47,quantile,0.8,166
2020-08-10,1 wk ahead inc death,2020-08-15,47,quantile,0.85,174
2020-08-10,1 wk ahead inc death,2020-08-15,47,quantile,0.9,184
2020-08-10,1 wk ahead inc death,2020-08-15,47,quantile,0.95,201
2020-08-10,1 wk ahead inc death,2020-08-15,47,quantile,0.975,214
2020-08-10,1 wk ahead inc death,2020-08-15,47,quantile,0.99,232
2020-08-10,1 wk ahead inc death,2020-08-15,48,quantile,0.01,905
2020-08-10,1 wk ahead inc death,2020-08-15,48,quantile,0.025,963
2020-08-10,1 wk ahead inc death,2020-08-15,48,quantile,0.05,1014
2020-08-10,1 wk ahead inc death,2020-08-15,48,quantile,0.1,1076
2020-08-10,1 wk ahead inc death,2020-08-15,48,quantile,0.15,1122
2020-08-10,1 wk ahead inc death,2020-08-15,48,quantile,0.2,1155
2020-08-10,1 wk ahead inc death,2020-08-15,48,quantile,0.25,1184
2020-08-10,1 wk ahead inc death,2020-08-15,48,quantile,0.3,1211
2020-08-10,1 wk ahead inc death,2020-08-15,48,quantile,0.35,1239
2020-08-10,1 wk ahead inc death,2020-08-15,48,quantile,0.4,1267
2020-08-10,1 wk ahead inc death,2020-08-15,48,quantile,0.45,1295
2020-08-10,1 wk ahead inc death,2020-08-15,48,quantile,0.5,1325
2020-08-10,1 wk ahead inc death,2020-08-15,48,quantile,0.55,1350
2020-08-10,1 wk ahead inc death,2020-08-15,48,quantile,0.6,1375
2020-08-10,1 wk ahead inc death,2020-08-15,48,quantile,0.65,1402
2020-08-10,1 wk ahead inc death,2020-08-15,48,quantile,0.7,1434
2020-08-10,1 wk ahead inc death,2020-08-15,48,quantile,0.75,1469
2020-08-10,1 wk ahead inc death,2020-08-15,48,quantile,0.8,1509
2020-08-10,1 wk ahead inc death,2020-08-15,48,quantile,0.85,1553
2020-08-10,1 wk ahead inc death,2020-08-15,48,quantile,0.9,1614
2020-08-10,1 wk ahead inc death,2020-08-15,48,quantile,0.95,1702
2020-08-10,1 wk ahead inc death,2020-08-15,48,quantile,0.975,1781
2020-08-10,1 wk ahead inc death,2020-08-15,48,quantile,0.99,1882
2020-08-10,1 wk ahead inc death,2020-08-15,49,quantile,0.01,12
2020-08-10,1 wk ahead inc death,2020-08-15,49,quantile,0.025,13
2020-08-10,1 wk ahead inc death,2020-08-15,49,quantile,0.05,15
2020-08-10,1 wk ahead inc death,2020-08-15,49,quantile,0.1,16
2020-08-10,1 wk ahead inc death,2020-08-15,49,quantile,0.15,18
2020-08-10,1 wk ahead inc death,2020-08-15,49,quantile,0.2,19
2020-08-10,1 wk ahead inc death,2020-08-15,49,quantile,0.25,20
2020-08-10,1 wk ahead inc death,2020-08-15,49,quantile,0.3,21
2020-08-10,1 wk ahead inc death,2020-08-15,49,quantile,0.35,22
2020-08-10,1 wk ahead inc death,2020-08-15,49,quantile,0.4,23
2020-08-10,1 wk ahead inc death,2020-08-15,49,quantile,0.45,24
2020-08-10,1 wk ahead inc death,2020-08-15,49,quantile,0.5,25
2020-08-10,1 wk ahead inc death,2020-08-15,49,quantile,0.55,27
2020-08-10,1 wk ahead inc death,2020-08-15,49,quantile,0.6,28
2020-08-10,1 wk ahead inc death,2020-08-15,49,quantile,0.65,29
2020-08-10,1 wk ahead inc death,2020-08-15,49,quantile,0.7,30
2020-08-10,1 wk ahead inc death,2020-08-15,49,quantile,0.75,31
2020-08-10,1 wk ahead inc death,2020-08-15,49,quantile,0.8,33
2020-08-10,1 wk ahead inc death,2020-08-15,49,quantile,0.85,35
2020-08-10,1 wk ahead inc death,2020-08-15,49,quantile,0.9,37
2020-08-10,1 wk ahead inc death,2020-08-15,49,quantile,0.95,40
2020-08-10,1 wk ahead inc death,2020-08-15,49,quantile,0.975,43
2020-08-10,1 wk ahead inc death,2020-08-15,49,quantile,0.99,47
2020-08-10,1 wk ahead inc death,2020-08-15,50,quantile,0.01,0
2020-08-10,1 wk ahead inc death,2020-08-15,50,quantile,0.025,0
2020-08-10,1 wk ahead inc death,2020-08-15,50,quantile,0.05,0
2020-08-10,1 wk ahead inc death,2020-08-15,50,quantile,0.1,0
2020-08-10,1 wk ahead inc death,2020-08-15,50,quantile,0.15,0
2020-08-10,1 wk ahead inc death,2020-08-15,50,quantile,0.2,0
2020-08-10,1 wk ahead inc death,2020-08-15,50,quantile,0.25,0
2020-08-10,1 wk ahead inc death,2020-08-15,50,quantile,0.3,0
2020-08-10,1 wk ahead inc death,2020-08-15,50,quantile,0.35,0
2020-08-10,1 wk ahead inc death,2020-08-15,50,quantile,0.4,0
2020-08-10,1 wk ahead inc death,2020-08-15,50,quantile,0.45,0
2020-08-10,1 wk ahead inc death,2020-08-15,50,quantile,0.5,0
2020-08-10,1 wk ahead inc death,2020-08-15,50,quantile,0.55,1
2020-08-10,1 wk ahead inc death,2020-08-15,50,quantile,0.6,1
2020-08-10,1 wk ahead inc death,2020-08-15,50,quantile,0.65,1
2020-08-10,1 wk ahead inc death,2020-08-15,50,quantile,0.7,1
2020-08-10,1 wk ahead inc death,2020-08-15,50,quantile,0.75,1
2020-08-10,1 wk ahead inc death,2020-08-15,50,quantile,0.8,1
2020-08-10,1 wk ahead inc death,2020-08-15,50,quantile,0.85,2
2020-08-10,1 wk ahead inc death,2020-08-15,50,quantile,0.9,2
2020-08-10,1 wk ahead inc death,2020-08-15,50,quantile,0.95,2
2020-08-10,1 wk ahead inc death,2020-08-15,50,quantile,0.975,2
2020-08-10,1 wk ahead inc death,2020-08-15,50,quantile,0.99,3
2020-08-10,1 wk ahead inc death,2020-08-15,51,quantile,0.01,55
2020-08-10,1 wk ahead inc death,2020-08-15,51,quantile,0.025,60
2020-08-10,1 wk ahead inc death,2020-08-15,51,quantile,0.05,66
2020-08-10,1 wk ahead inc death,2020-08-15,51,quantile,0.1,76
2020-08-10,1 wk ahead inc death,2020-08-15,51,quantile,0.15,83
2020-08-10,1 wk ahead inc death,2020-08-15,51,quantile,0.2,88
2020-08-10,1 wk ahead inc death,2020-08-15,51,quantile,0.25,93
2020-08-10,1 wk ahead inc death,2020-08-15,51,quantile,0.3,99
2020-08-10,1 wk ahead inc death,2020-08-15,51,quantile,0.35,104
2020-08-10,1 wk ahead inc death,2020-08-15,51,quantile,0.4,108
2020-08-10,1 wk ahead inc death,2020-08-15,51,quantile,0.45,113
2020-08-10,1 wk ahead inc death,2020-08-15,51,quantile,0.5,118
2020-08-10,1 wk ahead inc death,2020-08-15,51,quantile,0.55,124
2020-08-10,1 wk ahead inc death,2020-08-15,51,quantile,0.6,129
2020-08-10,1 wk ahead inc death,2020-08-15,51,quantile,0.65,134
2020-08-10,1 wk ahead inc death,2020-08-15,51,quantile,0.7,140
2020-08-10,1 wk ahead inc death,2020-08-15,51,quantile,0.75,146
2020-08-10,1 wk ahead inc death,2020-08-15,51,quantile,0.8,154
2020-08-10,1 wk ahead inc death,2020-08-15,51,quantile,0.85,163
2020-08-10,1 wk ahead inc death,2020-08-15,51,quantile,0.9,176
2020-08-10,1 wk ahead inc death,2020-08-15,51,quantile,0.95,191
2020-08-10,1 wk ahead inc death,2020-08-15,51,quantile,0.975,209
2020-08-10,1 wk ahead inc death,2020-08-15,51,quantile,0.99,232
2020-08-10,1 wk ahead inc death,2020-08-15,53,quantile,0.01,46
2020-08-10,1 wk ahead inc death,2020-08-15,53,quantile,0.025,51
2020-08-10,1 wk ahead inc death,2020-08-15,53,quantile,0.05,54
2020-08-10,1 wk ahead inc death,2020-08-15,53,quantile,0.1,61
2020-08-10,1 wk ahead inc death,2020-08-15,53,quantile,0.15,65
2020-08-10,1 wk ahead inc death,2020-08-15,53,quantile,0.2,69
2020-08-10,1 wk ahead inc death,2020-08-15,53,quantile,0.25,72
2020-08-10,1 wk ahead inc death,2020-08-15,53,quantile,0.3,75
2020-08-10,1 wk ahead inc death,2020-08-15,53,quantile,0.35,78
2020-08-10,1 wk ahead inc death,2020-08-15,53,quantile,0.4,81
2020-08-10,1 wk ahead inc death,2020-08-15,53,quantile,0.45,84
2020-08-10,1 wk ahead inc death,2020-08-15,53,quantile,0.5,87
2020-08-10,1 wk ahead inc death,2020-08-15,53,quantile,0.55,91
2020-08-10,1 wk ahead inc death,2020-08-15,53,quantile,0.6,94
2020-08-10,1 wk ahead inc death,2020-08-15,53,quantile,0.65,98
2020-08-10,1 wk ahead inc death,2020-08-15,53,quantile,0.7,102
2020-08-10,1 wk ahead inc death,2020-08-15,53,quantile,0.75,107
2020-08-10,1 wk ahead inc death,2020-08-15,53,quantile,0.8,111
2020-08-10,1 wk ahead inc death,2020-08-15,53,quantile,0.85,117
2020-08-10,1 wk ahead inc death,2020-08-15,53,quantile,0.9,124
2020-08-10,1 wk ahead inc death,2020-08-15,53,quantile,0.95,136
2020-08-10,1 wk ahead inc death,2020-08-15,53,quantile,0.975,147
2020-08-10,1 wk ahead inc death,2020-08-15,53,quantile,0.99,160
2020-08-10,1 wk ahead inc death,2020-08-15,54,quantile,0.01,7
2020-08-10,1 wk ahead inc death,2020-08-15,54,quantile,0.025,9
2020-08-10,1 wk ahead inc death,2020-08-15,54,quantile,0.05,9
2020-08-10,1 wk ahead inc death,2020-08-15,54,quantile,0.1,11
2020-08-10,1 wk ahead inc death,2020-08-15,54,quantile,0.15,12
2020-08-10,1 wk ahead inc death,2020-08-15,54,quantile,0.2,13
2020-08-10,1 wk ahead inc death,2020-08-15,54,quantile,0.25,14
2020-08-10,1 wk ahead inc death,2020-08-15,54,quantile,0.3,14
2020-08-10,1 wk ahead inc death,2020-08-15,54,quantile,0.35,15
2020-08-10,1 wk ahead inc death,2020-08-15,54,quantile,0.4,16
2020-08-10,1 wk ahead inc death,2020-08-15,54,quantile,0.45,17
2020-08-10,1 wk ahead inc death,2020-08-15,54,quantile,0.5,18
2020-08-10,1 wk ahead inc death,2020-08-15,54,quantile,0.55,19
2020-08-10,1 wk ahead inc death,2020-08-15,54,quantile,0.6,20
2020-08-10,1 wk ahead inc death,2020-08-15,54,quantile,0.65,21
2020-08-10,1 wk ahead inc death,2020-08-15,54,quantile,0.7,22
2020-08-10,1 wk ahead inc death,2020-08-15,54,quantile,0.75,24
2020-08-10,1 wk ahead inc death,2020-08-15,54,quantile,0.8,25
2020-08-10,1 wk ahead inc death,2020-08-15,54,quantile,0.85,27
2020-08-10,1 wk ahead inc death,2020-08-15,54,quantile,0.9,29
2020-08-10,1 wk ahead inc death,2020-08-15,54,quantile,0.95,33
2020-08-10,1 wk ahead inc death,2020-08-15,54,quantile,0.975,36
2020-08-10,1 wk ahead inc death,2020-08-15,54,quantile,0.99,39
2020-08-10,1 wk ahead inc death,2020-08-15,55,quantile,0.01,29
2020-08-10,1 wk ahead inc death,2020-08-15,55,quantile,0.025,32
2020-08-10,1 wk ahead inc death,2020-08-15,55,quantile,0.05,35
2020-08-10,1 wk ahead inc death,2020-08-15,55,quantile,0.1,39
2020-08-10,1 wk ahead inc death,2020-08-15,55,quantile,0.15,42
2020-08-10,1 wk ahead inc death,2020-08-15,55,quantile,0.2,44
2020-08-10,1 wk ahead inc death,2020-08-15,55,quantile,0.25,46
2020-08-10,1 wk ahead inc death,2020-08-15,55,quantile,0.3,48
2020-08-10,1 wk ahead inc death,2020-08-15,55,quantile,0.35,50
2020-08-10,1 wk ahead inc death,2020-08-15,55,quantile,0.4,52
2020-08-10,1 wk ahead inc death,2020-08-15,55,quantile,0.45,54
2020-08-10,1 wk ahead inc death,2020-08-15,55,quantile,0.5,56
2020-08-10,1 wk ahead inc death,2020-08-15,55,quantile,0.55,59
2020-08-10,1 wk ahead inc death,2020-08-15,55,quantile,0.6,61
2020-08-10,1 wk ahead inc death,2020-08-15,55,quantile,0.65,64
2020-08-10,1 wk ahead inc death,2020-08-15,55,quantile,0.7,66
2020-08-10,1 wk ahead inc death,2020-08-15,55,quantile,0.75,68
2020-08-10,1 wk ahead inc death,2020-08-15,55,quantile,0.8,71
2020-08-10,1 wk ahead inc death,2020-08-15,55,quantile,0.85,75
2020-08-10,1 wk ahead inc death,2020-08-15,55,quantile,0.9,80
2020-08-10,1 wk ahead inc death,2020-08-15,55,quantile,0.95,87
2020-08-10,1 wk ahead inc death,2020-08-15,55,quantile,0.975,94
2020-08-10,1 wk ahead inc death,2020-08-15,55,quantile,0.99,105
2020-08-10,1 wk ahead inc death,2020-08-15,56,quantile,0.01,0
2020-08-10,1 wk ahead inc death,2020-08-15,56,quantile,0.025,0
2020-08-10,1 wk ahead inc death,2020-08-15,56,quantile,0.05,0
2020-08-10,1 wk ahead inc death,2020-08-15,56,quantile,0.1,0
2020-08-10,1 wk ahead inc death,2020-08-15,56,quantile,0.15,0
2020-08-10,1 wk ahead inc death,2020-08-15,56,quantile,0.2,0
2020-08-10,1 wk ahead inc death,2020-08-15,56,quantile,0.25,1
2020-08-10,1 wk ahead inc death,2020-08-15,56,quantile,0.3,1
2020-08-10,1 wk ahead inc death,2020-08-15,56,quantile,0.35,1
2020-08-10,1 wk ahead inc death,2020-08-15,56,quantile,0.4,1
2020-08-10,1 wk ahead inc death,2020-08-15,56,quantile,0.45,1
2020-08-10,1 wk ahead inc death,2020-08-15,56,quantile,0.5,1
2020-08-10,1 wk ahead inc death,2020-08-15,56,quantile,0.55,2
2020-08-10,1 wk ahead inc death,2020-08-15,56,quantile,0.6,2
2020-08-10,1 wk ahead inc death,2020-08-15,56,quantile,0.65,3
2020-08-10,1 wk ahead inc death,2020-08-15,56,quantile,0.7,3
2020-08-10,1 wk ahead inc death,2020-08-15,56,quantile,0.75,3
2020-08-10,1 wk ahead inc death,2020-08-15,56,quantile,0.8,3
2020-08-10,1 wk ahead inc death,2020-08-15,56,quantile,0.85,3
2020-08-10,1 wk ahead inc death,2020-08-15,56,quantile,0.9,3
2020-08-10,1 wk ahead inc death,2020-08-15,56,quantile,0.95,4
2020-08-10,1 wk ahead inc death,2020-08-15,56,quantile,0.975,5
2020-08-10,1 wk ahead inc death,2020-08-15,56,quantile,0.99,5
2020-08-10,1 wk ahead inc death,2020-08-15,72,quantile,0.01,20
2020-08-10,1 wk ahead inc death,2020-08-15,72,quantile,0.025,23
2020-08-10,1 wk ahead inc death,2020-08-15,72,quantile,0.05,27
2020-08-10,1 wk ahead inc death,2020-08-15,72,quantile,0.1,31
2020-08-10,1 wk ahead inc death,2020-08-15,72,quantile,0.15,33
2020-08-10,1 wk ahead inc death,2020-08-15,72,quantile,0.2,36
2020-08-10,1 wk ahead inc death,2020-08-15,72,quantile,0.25,39
2020-08-10,1 wk ahead inc death,2020-08-15,72,quantile,0.3,41
2020-08-10,1 wk ahead inc death,2020-08-15,72,quantile,0.35,44
2020-08-10,1 wk ahead inc death,2020-08-15,72,quantile,0.4,45
2020-08-10,1 wk ahead inc death,2020-08-15,72,quantile,0.45,47
2020-08-10,1 wk ahead inc death,2020-08-15,72,quantile,0.5,50
2020-08-10,1 wk ahead inc death,2020-08-15,72,quantile,0.55,53
2020-08-10,1 wk ahead inc death,2020-08-15,72,quantile,0.6,55
2020-08-10,1 wk ahead inc death,2020-08-15,72,quantile,0.65,58
2020-08-10,1 wk ahead inc death,2020-08-15,72,quantile,0.7,61
2020-08-10,1 wk ahead inc death,2020-08-15,72,quantile,0.75,63
2020-08-10,1 wk ahead inc death,2020-08-15,72,quantile,0.8,67
2020-08-10,1 wk ahead inc death,2020-08-15,72,quantile,0.85,71
2020-08-10,1 wk ahead inc death,2020-08-15,72,quantile,0.9,78
2020-08-10,1 wk ahead inc death,2020-08-15,72,quantile,0.95,87
2020-08-10,1 wk ahead inc death,2020-08-15,72,quantile,0.975,100
2020-08-10,1 wk ahead inc death,2020-08-15,72,quantile,0.99,115
2020-08-10,1 wk ahead inc death,2020-08-15,60,quantile,0.01,0
2020-08-10,1 wk ahead inc death,2020-08-15,60,quantile,0.025,0
2020-08-10,1 wk ahead inc death,2020-08-15,60,quantile,0.05,0
2020-08-10,1 wk ahead inc death,2020-08-15,60,quantile,0.1,0
2020-08-10,1 wk ahead inc death,2020-08-15,60,quantile,0.15,0
2020-08-10,1 wk ahead inc death,2020-08-15,60,quantile,0.2,0
2020-08-10,1 wk ahead inc death,2020-08-15,60,quantile,0.25,0
2020-08-10,1 wk ahead inc death,2020-08-15,60,quantile,0.3,0
2020-08-10,1 wk ahead inc death,2020-08-15,60,quantile,0.35,0
2020-08-10,1 wk ahead inc death,2020-08-15,60,quantile,0.4,0
2020-08-10,1 wk ahead inc death,2020-08-15,60,quantile,0.45,0
2020-08-10,1 wk ahead inc death,2020-08-15,60,quantile,0.5,0
2020-08-10,1 wk ahead inc death,2020-08-15,60,quantile,0.55,0
2020-08-10,1 wk ahead inc death,2020-08-15,60,quantile,0.6,0
2020-08-10,1 wk ahead inc death,2020-08-15,60,quantile,0.65,0
2020-08-10,1 wk ahead inc death,2020-08-15,60,quantile,0.7,0
2020-08-10,1 wk ahead inc death,2020-08-15,60,quantile,0.75,0
2020-08-10,1 wk ahead inc death,2020-08-15,60,quantile,0.8,0
2020-08-10,1 wk ahead inc death,2020-08-15,60,quantile,0.85,0
2020-08-10,1 wk ahead inc death,2020-08-15,60,quantile,0.9,0
2020-08-10,1 wk ahead inc death,2020-08-15,60,quantile,0.95,0
2020-08-10,1 wk ahead inc death,2020-08-15,60,quantile,0.975,0
2020-08-10,1 wk ahead inc death,2020-08-15,60,quantile,0.99,0
2020-08-10,1 wk ahead inc death,2020-08-15,66,quantile,0.01,0
2020-08-10,1 wk ahead inc death,2020-08-15,66,quantile,0.025,0
2020-08-10,1 wk ahead inc death,2020-08-15,66,quantile,0.05,0
2020-08-10,1 wk ahead inc death,2020-08-15,66,quantile,0.1,0
2020-08-10,1 wk ahead inc death,2020-08-15,66,quantile,0.15,0
2020-08-10,1 wk ahead inc death,2020-08-15,66,quantile,0.2,0
2020-08-10,1 wk ahead inc death,2020-08-15,66,quantile,0.25,0
2020-08-10,1 wk ahead inc death,2020-08-15,66,quantile,0.3,0
2020-08-10,1 wk ahead inc death,2020-08-15,66,quantile,0.35,0
2020-08-10,1 wk ahead inc death,2020-08-15,66,quantile,0.4,0
2020-08-10,1 wk ahead inc death,2020-08-15,66,quantile,0.45,0
2020-08-10,1 wk ahead inc death,2020-08-15,66,quantile,0.5,0
2020-08-10,1 wk ahead inc death,2020-08-15,66,quantile,0.55,1
2020-08-10,1 wk ahead inc death,2020-08-15,66,quantile,0.6,1
2020-08-10,1 wk ahead inc death,2020-08-15,66,quantile,0.65,1
2020-08-10,1 wk ahead inc death,2020-08-15,66,quantile,0.7,1
2020-08-10,1 wk ahead inc death,2020-08-15,66,quantile,0.75,1
2020-08-10,1 wk ahead inc death,2020-08-15,66,quantile,0.8,1
2020-08-10,1 wk ahead inc death,2020-08-15,66,quantile,0.85,1
2020-08-10,1 wk ahead inc death,2020-08-15,66,quantile,0.9,1
2020-08-10,1 wk ahead inc death,2020-08-15,66,quantile,0.95,1
2020-08-10,1 wk ahead inc death,2020-08-15,66,quantile,0.975,1
2020-08-10,1 wk ahead inc death,2020-08-15,66,quantile,0.99,2
2020-08-10,1 wk ahead inc death,2020-08-15,69,quantile,0.01,0
2020-08-10,1 wk ahead inc death,2020-08-15,69,quantile,0.025,0
2020-08-10,1 wk ahead inc death,2020-08-15,69,quantile,0.05,0
2020-08-10,1 wk ahead inc death,2020-08-15,69,quantile,0.1,0
2020-08-10,1 wk ahead inc death,2020-08-15,69,quantile,0.15,0
2020-08-10,1 wk ahead inc death,2020-08-15,69,quantile,0.2,0
2020-08-10,1 wk ahead inc death,2020-08-15,69,quantile,0.25,0
2020-08-10,1 wk ahead inc death,2020-08-15,69,quantile,0.3,0
2020-08-10,1 wk ahead inc death,2020-08-15,69,quantile,0.35,0
2020-08-10,1 wk ahead inc death,2020-08-15,69,quantile,0.4,0
2020-08-10,1 wk ahead inc death,2020-08-15,69,quantile,0.45,0
2020-08-10,1 wk ahead inc death,2020-08-15,69,quantile,0.5,0
2020-08-10,1 wk ahead inc death,2020-08-15,69,quantile,0.55,1
2020-08-10,1 wk ahead inc death,2020-08-15,69,quantile,0.6,1
2020-08-10,1 wk ahead inc death,2020-08-15,69,quantile,0.65,1
2020-08-10,1 wk ahead inc death,2020-08-15,69,quantile,0.7,1
2020-08-10,1 wk ahead inc death,2020-08-15,69,quantile,0.75,1
2020-08-10,1 wk ahead inc death,2020-08-15,69,quantile,0.8,1
2020-08-10,1 wk ahead inc death,2020-08-15,69,quantile,0.85,1
2020-08-10,1 wk ahead inc death,2020-08-15,69,quantile,0.9,1
2020-08-10,1 wk ahead inc death,2020-08-15,69,quantile,0.95,1
2020-08-10,1 wk ahead inc death,2020-08-15,69,quantile,0.975,1
2020-08-10,1 wk ahead inc death,2020-08-15,69,quantile,0.99,1
2020-08-10,1 wk ahead inc death,2020-08-15,78,quantile,0.01,0
2020-08-10,1 wk ahead inc death,2020-08-15,78,quantile,0.025,0
2020-08-10,1 wk ahead inc death,2020-08-15,78,quantile,0.05,0
2020-08-10,1 wk ahead inc death,2020-08-15,78,quantile,0.1,0
2020-08-10,1 wk ahead inc death,2020-08-15,78,quantile,0.15,0
2020-08-10,1 wk ahead inc death,2020-08-15,78,quantile,0.2,0
2020-08-10,1 wk ahead inc death,2020-08-15,78,quantile,0.25,0
2020-08-10,1 wk ahead inc death,2020-08-15,78,quantile,0.3,0
2020-08-10,1 wk ahead inc death,2020-08-15,78,quantile,0.35,0
2020-08-10,1 wk ahead inc death,2020-08-15,78,quantile,0.4,0
2020-08-10,1 wk ahead inc death,2020-08-15,78,quantile,0.45,0
2020-08-10,1 wk ahead inc death,2020-08-15,78,quantile,0.5,1
2020-08-10,1 wk ahead inc death,2020-08-15,78,quantile,0.55,1
2020-08-10,1 wk ahead inc death,2020-08-15,78,quantile,0.6,2
2020-08-10,1 wk ahead inc death,2020-08-15,78,quantile,0.65,2
2020-08-10,1 wk ahead inc death,2020-08-15,78,quantile,0.7,2
2020-08-10,1 wk ahead inc death,2020-08-15,78,quantile,0.75,2
2020-08-10,1 wk ahead inc death,2020-08-15,78,quantile,0.8,2
2020-08-10,1 wk ahead inc death,2020-08-15,78,quantile,0.85,3
2020-08-10,1 wk ahead inc death,2020-08-15,78,quantile,0.9,3
2020-08-10,1 wk ahead inc death,2020-08-15,78,quantile,0.95,4
2020-08-10,1 wk ahead inc death,2020-08-15,78,quantile,0.975,5
2020-08-10,1 wk ahead inc death,2020-08-15,78,quantile,0.99,7
2020-08-10,2 wk ahead inc death,2020-08-22,11,quantile,0.01,2
2020-08-10,2 wk ahead inc death,2020-08-22,11,quantile,0.025,2
2020-08-10,2 wk ahead inc death,2020-08-22,11,quantile,0.05,3
2020-08-10,2 wk ahead inc death,2020-08-22,11,quantile,0.1,3
2020-08-10,2 wk ahead inc death,2020-08-22,11,quantile,0.15,3
2020-08-10,2 wk ahead inc death,2020-08-22,11,quantile,0.2,4
2020-08-10,2 wk ahead inc death,2020-08-22,11,quantile,0.25,5
2020-08-10,2 wk ahead inc death,2020-08-22,11,quantile,0.3,5
2020-08-10,2 wk ahead inc death,2020-08-22,11,quantile,0.35,5
2020-08-10,2 wk ahead inc death,2020-08-22,11,quantile,0.4,6
2020-08-10,2 wk ahead inc death,2020-08-22,11,quantile,0.45,6
2020-08-10,2 wk ahead inc death,2020-08-22,11,quantile,0.5,7
2020-08-10,2 wk ahead inc death,2020-08-22,11,quantile,0.55,9
2020-08-10,2 wk ahead inc death,2020-08-22,11,quantile,0.6,9
2020-08-10,2 wk ahead inc death,2020-08-22,11,quantile,0.65,9
2020-08-10,2 wk ahead inc death,2020-08-22,11,quantile,0.7,10
2020-08-10,2 wk ahead inc death,2020-08-22,11,quantile,0.75,11
2020-08-10,2 wk ahead inc death,2020-08-22,11,quantile,0.8,12
2020-08-10,2 wk ahead inc death,2020-08-22,11,quantile,0.85,12
2020-08-10,2 wk ahead inc death,2020-08-22,11,quantile,0.9,14
2020-08-10,2 wk ahead inc death,2020-08-22,11,quantile,0.95,16
2020-08-10,2 wk ahead inc death,2020-08-22,11,quantile,0.975,18
2020-08-10,2 wk ahead inc death,2020-08-22,11,quantile,0.99,20
2020-08-10,2 wk ahead inc death,2020-08-22,01,quantile,0.01,77
2020-08-10,2 wk ahead inc death,2020-08-22,01,quantile,0.025,86
2020-08-10,2 wk ahead inc death,2020-08-22,01,quantile,0.05,93
2020-08-10,2 wk ahead inc death,2020-08-22,01,quantile,0.1,103
2020-08-10,2 wk ahead inc death,2020-08-22,01,quantile,0.15,111
2020-08-10,2 wk ahead inc death,2020-08-22,01,quantile,0.2,117
2020-08-10,2 wk ahead inc death,2020-08-22,01,quantile,0.25,122
2020-08-10,2 wk ahead inc death,2020-08-22,01,quantile,0.3,127
2020-08-10,2 wk ahead inc death,2020-08-22,01,quantile,0.35,133
2020-08-10,2 wk ahead inc death,2020-08-22,01,quantile,0.4,139
2020-08-10,2 wk ahead inc death,2020-08-22,01,quantile,0.45,144
2020-08-10,2 wk ahead inc death,2020-08-22,01,quantile,0.5,150
2020-08-10,2 wk ahead inc death,2020-08-22,01,quantile,0.55,156
2020-08-10,2 wk ahead inc death,2020-08-22,01,quantile,0.6,161
2020-08-10,2 wk ahead inc death,2020-08-22,01,quantile,0.65,167
2020-08-10,2 wk ahead inc death,2020-08-22,01,quantile,0.7,174
2020-08-10,2 wk ahead inc death,2020-08-22,01,quantile,0.75,181
2020-08-10,2 wk ahead inc death,2020-08-22,01,quantile,0.8,189
2020-08-10,2 wk ahead inc death,2020-08-22,01,quantile,0.85,199
2020-08-10,2 wk ahead inc death,2020-08-22,01,quantile,0.9,212
2020-08-10,2 wk ahead inc death,2020-08-22,01,quantile,0.95,235
2020-08-10,2 wk ahead inc death,2020-08-22,01,quantile,0.975,257
2020-08-10,2 wk ahead inc death,2020-08-22,01,quantile,0.99,282
2020-08-10,2 wk ahead inc death,2020-08-22,02,quantile,0.01,0
2020-08-10,2 wk ahead inc death,2020-08-22,02,quantile,0.025,0
2020-08-10,2 wk ahead inc death,2020-08-22,02,quantile,0.05,0
2020-08-10,2 wk ahead inc death,2020-08-22,02,quantile,0.1,1
2020-08-10,2 wk ahead inc death,2020-08-22,02,quantile,0.15,1
2020-08-10,2 wk ahead inc death,2020-08-22,02,quantile,0.2,1
2020-08-10,2 wk ahead inc death,2020-08-22,02,quantile,0.25,1
2020-08-10,2 wk ahead inc death,2020-08-22,02,quantile,0.3,2
2020-08-10,2 wk ahead inc death,2020-08-22,02,quantile,0.35,2
2020-08-10,2 wk ahead inc death,2020-08-22,02,quantile,0.4,2
2020-08-10,2 wk ahead inc death,2020-08-22,02,quantile,0.45,2
2020-08-10,2 wk ahead inc death,2020-08-22,02,quantile,0.5,3
2020-08-10,2 wk ahead inc death,2020-08-22,02,quantile,0.55,4
2020-08-10,2 wk ahead inc death,2020-08-22,02,quantile,0.6,4
2020-08-10,2 wk ahead inc death,2020-08-22,02,quantile,0.65,5
2020-08-10,2 wk ahead inc death,2020-08-22,02,quantile,0.7,5
2020-08-10,2 wk ahead inc death,2020-08-22,02,quantile,0.75,6
2020-08-10,2 wk ahead inc death,2020-08-22,02,quantile,0.8,6
2020-08-10,2 wk ahead inc death,2020-08-22,02,quantile,0.85,7
2020-08-10,2 wk ahead inc death,2020-08-22,02,quantile,0.9,7
2020-08-10,2 wk ahead inc death,2020-08-22,02,quantile,0.95,8
2020-08-10,2 wk ahead inc death,2020-08-22,02,quantile,0.975,9
2020-08-10,2 wk ahead inc death,2020-08-22,02,quantile,0.99,11
2020-08-10,2 wk ahead inc death,2020-08-22,04,quantile,0.01,141
2020-08-10,2 wk ahead inc death,2020-08-22,04,quantile,0.025,154
2020-08-10,2 wk ahead inc death,2020-08-22,04,quantile,0.05,167
2020-08-10,2 wk ahead inc death,2020-08-22,04,quantile,0.1,186
2020-08-10,2 wk ahead inc death,2020-08-22,04,quantile,0.15,197
2020-08-10,2 wk ahead inc death,2020-08-22,04,quantile,0.2,210
2020-08-10,2 wk ahead inc death,2020-08-22,04,quantile,0.25,219
2020-08-10,2 wk ahead inc death,2020-08-22,04,quantile,0.3,228
2020-08-10,2 wk ahead inc death,2020-08-22,04,quantile,0.35,238
2020-08-10,2 wk ahead inc death,2020-08-22,04,quantile,0.4,252
2020-08-10,2 wk ahead inc death,2020-08-22,04,quantile,0.45,264
2020-08-10,2 wk ahead inc death,2020-08-22,04,quantile,0.5,275
2020-08-10,2 wk ahead inc death,2020-08-22,04,quantile,0.55,285
2020-08-10,2 wk ahead inc death,2020-08-22,04,quantile,0.6,296
2020-08-10,2 wk ahead inc death,2020-08-22,04,quantile,0.65,307
2020-08-10,2 wk ahead inc death,2020-08-22,04,quantile,0.7,318
2020-08-10,2 wk ahead inc death,2020-08-22,04,quantile,0.75,331
2020-08-10,2 wk ahead inc death,2020-08-22,04,quantile,0.8,349
2020-08-10,2 wk ahead inc death,2020-08-22,04,quantile,0.85,369
2020-08-10,2 wk ahead inc death,2020-08-22,04,quantile,0.9,395
2020-08-10,2 wk ahead inc death,2020-08-22,04,quantile,0.95,439
2020-08-10,2 wk ahead inc death,2020-08-22,04,quantile,0.975,481
2020-08-10,2 wk ahead inc death,2020-08-22,04,quantile,0.99,530
2020-08-10,2 wk ahead inc death,2020-08-22,05,quantile,0.01,31
2020-08-10,2 wk ahead inc death,2020-08-22,05,quantile,0.025,35
2020-08-10,2 wk ahead inc death,2020-08-22,05,quantile,0.05,40
2020-08-10,2 wk ahead inc death,2020-08-22,05,quantile,0.1,45
2020-08-10,2 wk ahead inc death,2020-08-22,05,quantile,0.15,49
2020-08-10,2 wk ahead inc death,2020-08-22,05,quantile,0.2,53
2020-08-10,2 wk ahead inc death,2020-08-22,05,quantile,0.25,57
2020-08-10,2 wk ahead inc death,2020-08-22,05,quantile,0.3,60
2020-08-10,2 wk ahead inc death,2020-08-22,05,quantile,0.35,64
2020-08-10,2 wk ahead inc death,2020-08-22,05,quantile,0.4,68
2020-08-10,2 wk ahead inc death,2020-08-22,05,quantile,0.45,73
2020-08-10,2 wk ahead inc death,2020-08-22,05,quantile,0.5,77
2020-08-10,2 wk ahead inc death,2020-08-22,05,quantile,0.55,81
2020-08-10,2 wk ahead inc death,2020-08-22,05,quantile,0.6,85
2020-08-10,2 wk ahead inc death,2020-08-22,05,quantile,0.65,88
2020-08-10,2 wk ahead inc death,2020-08-22,05,quantile,0.7,92
2020-08-10,2 wk ahead inc death,2020-08-22,05,quantile,0.75,96
2020-08-10,2 wk ahead inc death,2020-08-22,05,quantile,0.8,101
2020-08-10,2 wk ahead inc death,2020-08-22,05,quantile,0.85,107
2020-08-10,2 wk ahead inc death,2020-08-22,05,quantile,0.9,114
2020-08-10,2 wk ahead inc death,2020-08-22,05,quantile,0.95,126
2020-08-10,2 wk ahead inc death,2020-08-22,05,quantile,0.975,139
2020-08-10,2 wk ahead inc death,2020-08-22,05,quantile,0.99,152
2020-08-10,2 wk ahead inc death,2020-08-22,06,quantile,0.01,510
2020-08-10,2 wk ahead inc death,2020-08-22,06,quantile,0.025,550
2020-08-10,2 wk ahead inc death,2020-08-22,06,quantile,0.05,584
2020-08-10,2 wk ahead inc death,2020-08-22,06,quantile,0.1,634
2020-08-10,2 wk ahead inc death,2020-08-22,06,quantile,0.15,667
2020-08-10,2 wk ahead inc death,2020-08-22,06,quantile,0.2,695
2020-08-10,2 wk ahead inc death,2020-08-22,06,quantile,0.25,721
2020-08-10,2 wk ahead inc death,2020-08-22,06,quantile,0.3,744
2020-08-10,2 wk ahead inc death,2020-08-22,06,quantile,0.35,766
2020-08-10,2 wk ahead inc death,2020-08-22,06,quantile,0.4,784
2020-08-10,2 wk ahead inc death,2020-08-22,06,quantile,0.45,807
2020-08-10,2 wk ahead inc death,2020-08-22,06,quantile,0.5,829
2020-08-10,2 wk ahead inc death,2020-08-22,06,quantile,0.55,854
2020-08-10,2 wk ahead inc death,2020-08-22,06,quantile,0.6,880
2020-08-10,2 wk ahead inc death,2020-08-22,06,quantile,0.65,904
2020-08-10,2 wk ahead inc death,2020-08-22,06,quantile,0.7,929
2020-08-10,2 wk ahead inc death,2020-08-22,06,quantile,0.75,957
2020-08-10,2 wk ahead inc death,2020-08-22,06,quantile,0.8,988
2020-08-10,2 wk ahead inc death,2020-08-22,06,quantile,0.85,1031
2020-08-10,2 wk ahead inc death,2020-08-22,06,quantile,0.9,1086
2020-08-10,2 wk ahead inc death,2020-08-22,06,quantile,0.95,1178
2020-08-10,2 wk ahead inc death,2020-08-22,06,quantile,0.975,1256
2020-08-10,2 wk ahead inc death,2020-08-22,06,quantile,0.99,1374
2020-08-10,2 wk ahead inc death,2020-08-22,08,quantile,0.01,16
2020-08-10,2 wk ahead inc death,2020-08-22,08,quantile,0.025,18
2020-08-10,2 wk ahead inc death,2020-08-22,08,quantile,0.05,19
2020-08-10,2 wk ahead inc death,2020-08-22,08,quantile,0.1,22
2020-08-10,2 wk ahead inc death,2020-08-22,08,quantile,0.15,25
2020-08-10,2 wk ahead inc death,2020-08-22,08,quantile,0.2,27
2020-08-10,2 wk ahead inc death,2020-08-22,08,quantile,0.25,29
2020-08-10,2 wk ahead inc death,2020-08-22,08,quantile,0.3,30
2020-08-10,2 wk ahead inc death,2020-08-22,08,quantile,0.35,32
2020-08-10,2 wk ahead inc death,2020-08-22,08,quantile,0.4,34
2020-08-10,2 wk ahead inc death,2020-08-22,08,quantile,0.45,36
2020-08-10,2 wk ahead inc death,2020-08-22,08,quantile,0.5,38
2020-08-10,2 wk ahead inc death,2020-08-22,08,quantile,0.55,41
2020-08-10,2 wk ahead inc death,2020-08-22,08,quantile,0.6,43
2020-08-10,2 wk ahead inc death,2020-08-22,08,quantile,0.65,45
2020-08-10,2 wk ahead inc death,2020-08-22,08,quantile,0.7,47
2020-08-10,2 wk ahead inc death,2020-08-22,08,quantile,0.75,50
2020-08-10,2 wk ahead inc death,2020-08-22,08,quantile,0.8,54
2020-08-10,2 wk ahead inc death,2020-08-22,08,quantile,0.85,58
2020-08-10,2 wk ahead inc death,2020-08-22,08,quantile,0.9,63
2020-08-10,2 wk ahead inc death,2020-08-22,08,quantile,0.95,72
2020-08-10,2 wk ahead inc death,2020-08-22,08,quantile,0.975,80
2020-08-10,2 wk ahead inc death,2020-08-22,08,quantile,0.99,90
2020-08-10,2 wk ahead inc death,2020-08-22,09,quantile,0.01,4
2020-08-10,2 wk ahead inc death,2020-08-22,09,quantile,0.025,5
2020-08-10,2 wk ahead inc death,2020-08-22,09,quantile,0.05,5
2020-08-10,2 wk ahead inc death,2020-08-22,09,quantile,0.1,6
2020-08-10,2 wk ahead inc death,2020-08-22,09,quantile,0.15,6
2020-08-10,2 wk ahead inc death,2020-08-22,09,quantile,0.2,7
2020-08-10,2 wk ahead inc death,2020-08-22,09,quantile,0.25,7
2020-08-10,2 wk ahead inc death,2020-08-22,09,quantile,0.3,8
2020-08-10,2 wk ahead inc death,2020-08-22,09,quantile,0.35,9
2020-08-10,2 wk ahead inc death,2020-08-22,09,quantile,0.4,10
2020-08-10,2 wk ahead inc death,2020-08-22,09,quantile,0.45,11
2020-08-10,2 wk ahead inc death,2020-08-22,09,quantile,0.5,12
2020-08-10,2 wk ahead inc death,2020-08-22,09,quantile,0.55,14
2020-08-10,2 wk ahead inc death,2020-08-22,09,quantile,0.6,15
2020-08-10,2 wk ahead inc death,2020-08-22,09,quantile,0.65,17
2020-08-10,2 wk ahead inc death,2020-08-22,09,quantile,0.7,18
2020-08-10,2 wk ahead inc death,2020-08-22,09,quantile,0.75,19
2020-08-10,2 wk ahead inc death,2020-08-22,09,quantile,0.8,21
2020-08-10,2 wk ahead inc death,2020-08-22,09,quantile,0.85,23
2020-08-10,2 wk ahead inc death,2020-08-22,09,quantile,0.9,26
2020-08-10,2 wk ahead inc death,2020-08-22,09,quantile,0.95,30
2020-08-10,2 wk ahead inc death,2020-08-22,09,quantile,0.975,34
2020-08-10,2 wk ahead inc death,2020-08-22,09,quantile,0.99,38
2020-08-10,2 wk ahead inc death,2020-08-22,10,quantile,0.01,2
2020-08-10,2 wk ahead inc death,2020-08-22,10,quantile,0.025,3
2020-08-10,2 wk ahead inc death,2020-08-22,10,quantile,0.05,3
2020-08-10,2 wk ahead inc death,2020-08-22,10,quantile,0.1,3
2020-08-10,2 wk ahead inc death,2020-08-22,10,quantile,0.15,4
2020-08-10,2 wk ahead inc death,2020-08-22,10,quantile,0.2,4
2020-08-10,2 wk ahead inc death,2020-08-22,10,quantile,0.25,5
2020-08-10,2 wk ahead inc death,2020-08-22,10,quantile,0.3,5
2020-08-10,2 wk ahead inc death,2020-08-22,10,quantile,0.35,6
2020-08-10,2 wk ahead inc death,2020-08-22,10,quantile,0.4,7
2020-08-10,2 wk ahead inc death,2020-08-22,10,quantile,0.45,7
2020-08-10,2 wk ahead inc death,2020-08-22,10,quantile,0.5,8
2020-08-10,2 wk ahead inc death,2020-08-22,10,quantile,0.55,9
2020-08-10,2 wk ahead inc death,2020-08-22,10,quantile,0.6,10
2020-08-10,2 wk ahead inc death,2020-08-22,10,quantile,0.65,11
2020-08-10,2 wk ahead inc death,2020-08-22,10,quantile,0.7,11
2020-08-10,2 wk ahead inc death,2020-08-22,10,quantile,0.75,12
2020-08-10,2 wk ahead inc death,2020-08-22,10,quantile,0.8,13
2020-08-10,2 wk ahead inc death,2020-08-22,10,quantile,0.85,15
2020-08-10,2 wk ahead inc death,2020-08-22,10,quantile,0.9,16
2020-08-10,2 wk ahead inc death,2020-08-22,10,quantile,0.95,19
2020-08-10,2 wk ahead inc death,2020-08-22,10,quantile,0.975,22
2020-08-10,2 wk ahead inc death,2020-08-22,10,quantile,0.99,25
2020-08-10,2 wk ahead inc death,2020-08-22,12,quantile,0.01,547
2020-08-10,2 wk ahead inc death,2020-08-22,12,quantile,0.025,588
2020-08-10,2 wk ahead inc death,2020-08-22,12,quantile,0.05,639
2020-08-10,2 wk ahead inc death,2020-08-22,12,quantile,0.1,699
2020-08-10,2 wk ahead inc death,2020-08-22,12,quantile,0.15,744
2020-08-10,2 wk ahead inc death,2020-08-22,12,quantile,0.2,781
2020-08-10,2 wk ahead inc death,2020-08-22,12,quantile,0.25,814
2020-08-10,2 wk ahead inc death,2020-08-22,12,quantile,0.3,845
2020-08-10,2 wk ahead inc death,2020-08-22,12,quantile,0.35,876
2020-08-10,2 wk ahead inc death,2020-08-22,12,quantile,0.4,921
2020-08-10,2 wk ahead inc death,2020-08-22,12,quantile,0.45,958
2020-08-10,2 wk ahead inc death,2020-08-22,12,quantile,0.5,990
2020-08-10,2 wk ahead inc death,2020-08-22,12,quantile,0.55,1021
2020-08-10,2 wk ahead inc death,2020-08-22,12,quantile,0.6,1048
2020-08-10,2 wk ahead inc death,2020-08-22,12,quantile,0.65,1084
2020-08-10,2 wk ahead inc death,2020-08-22,12,quantile,0.7,1121
2020-08-10,2 wk ahead inc death,2020-08-22,12,quantile,0.75,1158
2020-08-10,2 wk ahead inc death,2020-08-22,12,quantile,0.8,1210
2020-08-10,2 wk ahead inc death,2020-08-22,12,quantile,0.85,1270
2020-08-10,2 wk ahead inc death,2020-08-22,12,quantile,0.9,1354
2020-08-10,2 wk ahead inc death,2020-08-22,12,quantile,0.95,1477
2020-08-10,2 wk ahead inc death,2020-08-22,12,quantile,0.975,1589
2020-08-10,2 wk ahead inc death,2020-08-22,12,quantile,0.99,1739
2020-08-10,2 wk ahead inc death,2020-08-22,13,quantile,0.01,178
2020-08-10,2 wk ahead inc death,2020-08-22,13,quantile,0.025,198
2020-08-10,2 wk ahead inc death,2020-08-22,13,quantile,0.05,210
2020-08-10,2 wk ahead inc death,2020-08-22,13,quantile,0.1,228
2020-08-10,2 wk ahead inc death,2020-08-22,13,quantile,0.15,242
2020-08-10,2 wk ahead inc death,2020-08-22,13,quantile,0.2,253
2020-08-10,2 wk ahead inc death,2020-08-22,13,quantile,0.25,266
2020-08-10,2 wk ahead inc death,2020-08-22,13,quantile,0.3,282
2020-08-10,2 wk ahead inc death,2020-08-22,13,quantile,0.35,295
2020-08-10,2 wk ahead inc death,2020-08-22,13,quantile,0.4,309
2020-08-10,2 wk ahead inc death,2020-08-22,13,quantile,0.45,324
2020-08-10,2 wk ahead inc death,2020-08-22,13,quantile,0.5,342
2020-08-10,2 wk ahead inc death,2020-08-22,13,quantile,0.55,356
2020-08-10,2 wk ahead inc death,2020-08-22,13,quantile,0.6,373
2020-08-10,2 wk ahead inc death,2020-08-22,13,quantile,0.65,392
2020-08-10,2 wk ahead inc death,2020-08-22,13,quantile,0.7,413
2020-08-10,2 wk ahead inc death,2020-08-22,13,quantile,0.75,438
2020-08-10,2 wk ahead inc death,2020-08-22,13,quantile,0.8,463
2020-08-10,2 wk ahead inc death,2020-08-22,13,quantile,0.85,496
2020-08-10,2 wk ahead inc death,2020-08-22,13,quantile,0.9,538
2020-08-10,2 wk ahead inc death,2020-08-22,13,quantile,0.95,609
2020-08-10,2 wk ahead inc death,2020-08-22,13,quantile,0.975,667
2020-08-10,2 wk ahead inc death,2020-08-22,13,quantile,0.99,731
2020-08-10,2 wk ahead inc death,2020-08-22,15,quantile,0.01,2
2020-08-10,2 wk ahead inc death,2020-08-22,15,quantile,0.025,2
2020-08-10,2 wk ahead inc death,2020-08-22,15,quantile,0.05,3
2020-08-10,2 wk ahead inc death,2020-08-22,15,quantile,0.1,4
2020-08-10,2 wk ahead inc death,2020-08-22,15,quantile,0.15,5
2020-08-10,2 wk ahead inc death,2020-08-22,15,quantile,0.2,5
2020-08-10,2 wk ahead inc death,2020-08-22,15,quantile,0.25,6
2020-08-10,2 wk ahead inc death,2020-08-22,15,quantile,0.3,7
2020-08-10,2 wk ahead inc death,2020-08-22,15,quantile,0.35,8
2020-08-10,2 wk ahead inc death,2020-08-22,15,quantile,0.4,9
2020-08-10,2 wk ahead inc death,2020-08-22,15,quantile,0.45,10
2020-08-10,2 wk ahead inc death,2020-08-22,15,quantile,0.5,11
2020-08-10,2 wk ahead inc death,2020-08-22,15,quantile,0.55,13
2020-08-10,2 wk ahead inc death,2020-08-22,15,quantile,0.6,14
2020-08-10,2 wk ahead inc death,2020-08-22,15,quantile,0.65,15
2020-08-10,2 wk ahead inc death,2020-08-22,15,quantile,0.7,16
2020-08-10,2 wk ahead inc death,2020-08-22,15,quantile,0.75,18
2020-08-10,2 wk ahead inc death,2020-08-22,15,quantile,0.8,19
2020-08-10,2 wk ahead inc death,2020-08-22,15,quantile,0.85,22
2020-08-10,2 wk ahead inc death,2020-08-22,15,quantile,0.9,25
2020-08-10,2 wk ahead inc death,2020-08-22,15,quantile,0.95,29
2020-08-10,2 wk ahead inc death,2020-08-22,15,quantile,0.975,35
2020-08-10,2 wk ahead inc death,2020-08-22,15,quantile,0.99,43
2020-08-10,2 wk ahead inc death,2020-08-22,16,quantile,0.01,18
2020-08-10,2 wk ahead inc death,2020-08-22,16,quantile,0.025,20
2020-08-10,2 wk ahead inc death,2020-08-22,16,quantile,0.05,23
2020-08-10,2 wk ahead inc death,2020-08-22,16,quantile,0.1,25
2020-08-10,2 wk ahead inc death,2020-08-22,16,quantile,0.15,27
2020-08-10,2 wk ahead inc death,2020-08-22,16,quantile,0.2,29
2020-08-10,2 wk ahead inc death,2020-08-22,16,quantile,0.25,31
2020-08-10,2 wk ahead inc death,2020-08-22,16,quantile,0.3,32
2020-08-10,2 wk ahead inc death,2020-08-22,16,quantile,0.35,34
2020-08-10,2 wk ahead inc death,2020-08-22,16,quantile,0.4,35
2020-08-10,2 wk ahead inc death,2020-08-22,16,quantile,0.45,37
2020-08-10,2 wk ahead inc death,2020-08-22,16,quantile,0.5,39
2020-08-10,2 wk ahead inc death,2020-08-22,16,quantile,0.55,41
2020-08-10,2 wk ahead inc death,2020-08-22,16,quantile,0.6,43
2020-08-10,2 wk ahead inc death,2020-08-22,16,quantile,0.65,45
2020-08-10,2 wk ahead inc death,2020-08-22,16,quantile,0.7,47
2020-08-10,2 wk ahead inc death,2020-08-22,16,quantile,0.75,49
2020-08-10,2 wk ahead inc death,2020-08-22,16,quantile,0.8,52
2020-08-10,2 wk ahead inc death,2020-08-22,16,quantile,0.85,55
2020-08-10,2 wk ahead inc death,2020-08-22,16,quantile,0.9,60
2020-08-10,2 wk ahead inc death,2020-08-22,16,quantile,0.95,70
2020-08-10,2 wk ahead inc death,2020-08-22,16,quantile,0.975,80
2020-08-10,2 wk ahead inc death,2020-08-22,16,quantile,0.99,94
2020-08-10,2 wk ahead inc death,2020-08-22,17,quantile,0.01,87
2020-08-10,2 wk ahead inc death,2020-08-22,17,quantile,0.025,97
2020-08-10,2 wk ahead inc death,2020-08-22,17,quantile,0.05,105
2020-08-10,2 wk ahead inc death,2020-08-22,17,quantile,0.1,116
2020-08-10,2 wk ahead inc death,2020-08-22,17,quantile,0.15,127
2020-08-10,2 wk ahead inc death,2020-08-22,17,quantile,0.2,134
2020-08-10,2 wk ahead inc death,2020-08-22,17,quantile,0.25,141
2020-08-10,2 wk ahead inc death,2020-08-22,17,quantile,0.3,150
2020-08-10,2 wk ahead inc death,2020-08-22,17,quantile,0.35,156
2020-08-10,2 wk ahead inc death,2020-08-22,17,quantile,0.4,165
2020-08-10,2 wk ahead inc death,2020-08-22,17,quantile,0.45,174
2020-08-10,2 wk ahead inc death,2020-08-22,17,quantile,0.5,182
2020-08-10,2 wk ahead inc death,2020-08-22,17,quantile,0.55,190
2020-08-10,2 wk ahead inc death,2020-08-22,17,quantile,0.6,198
2020-08-10,2 wk ahead inc death,2020-08-22,17,quantile,0.65,207
2020-08-10,2 wk ahead inc death,2020-08-22,17,quantile,0.7,215
2020-08-10,2 wk ahead inc death,2020-08-22,17,quantile,0.75,223
2020-08-10,2 wk ahead inc death,2020-08-22,17,quantile,0.8,236
2020-08-10,2 wk ahead inc death,2020-08-22,17,quantile,0.85,250
2020-08-10,2 wk ahead inc death,2020-08-22,17,quantile,0.9,267
2020-08-10,2 wk ahead inc death,2020-08-22,17,quantile,0.95,293
2020-08-10,2 wk ahead inc death,2020-08-22,17,quantile,0.975,320
2020-08-10,2 wk ahead inc death,2020-08-22,17,quantile,0.99,347
2020-08-10,2 wk ahead inc death,2020-08-22,18,quantile,0.01,48
2020-08-10,2 wk ahead inc death,2020-08-22,18,quantile,0.025,54
2020-08-10,2 wk ahead inc death,2020-08-22,18,quantile,0.05,59
2020-08-10,2 wk ahead inc death,2020-08-22,18,quantile,0.1,66
2020-08-10,2 wk ahead inc death,2020-08-22,18,quantile,0.15,71
2020-08-10,2 wk ahead inc death,2020-08-22,18,quantile,0.2,77
2020-08-10,2 wk ahead inc death,2020-08-22,18,quantile,0.25,82
2020-08-10,2 wk ahead inc death,2020-08-22,18,quantile,0.3,86
2020-08-10,2 wk ahead inc death,2020-08-22,18,quantile,0.35,90
2020-08-10,2 wk ahead inc death,2020-08-22,18,quantile,0.4,95
2020-08-10,2 wk ahead inc death,2020-08-22,18,quantile,0.45,100
2020-08-10,2 wk ahead inc death,2020-08-22,18,quantile,0.5,106
2020-08-10,2 wk ahead inc death,2020-08-22,18,quantile,0.55,111
2020-08-10,2 wk ahead inc death,2020-08-22,18,quantile,0.6,116
2020-08-10,2 wk ahead inc death,2020-08-22,18,quantile,0.65,121
2020-08-10,2 wk ahead inc death,2020-08-22,18,quantile,0.7,126
2020-08-10,2 wk ahead inc death,2020-08-22,18,quantile,0.75,132
2020-08-10,2 wk ahead inc death,2020-08-22,18,quantile,0.8,140
2020-08-10,2 wk ahead inc death,2020-08-22,18,quantile,0.85,150
2020-08-10,2 wk ahead inc death,2020-08-22,18,quantile,0.9,165
2020-08-10,2 wk ahead inc death,2020-08-22,18,quantile,0.95,185
2020-08-10,2 wk ahead inc death,2020-08-22,18,quantile,0.975,204
2020-08-10,2 wk ahead inc death,2020-08-22,18,quantile,0.99,230
2020-08-10,2 wk ahead inc death,2020-08-22,19,quantile,0.01,19
2020-08-10,2 wk ahead inc death,2020-08-22,19,quantile,0.025,21
2020-08-10,2 wk ahead inc death,2020-08-22,19,quantile,0.05,24
2020-08-10,2 wk ahead inc death,2020-08-22,19,quantile,0.1,28
2020-08-10,2 wk ahead inc death,2020-08-22,19,quantile,0.15,31
2020-08-10,2 wk ahead inc death,2020-08-22,19,quantile,0.2,33
2020-08-10,2 wk ahead inc death,2020-08-22,19,quantile,0.25,35
2020-08-10,2 wk ahead inc death,2020-08-22,19,quantile,0.3,38
2020-08-10,2 wk ahead inc death,2020-08-22,19,quantile,0.35,40
2020-08-10,2 wk ahead inc death,2020-08-22,19,quantile,0.4,43
2020-08-10,2 wk ahead inc death,2020-08-22,19,quantile,0.45,46
2020-08-10,2 wk ahead inc death,2020-08-22,19,quantile,0.5,48
2020-08-10,2 wk ahead inc death,2020-08-22,19,quantile,0.55,51
2020-08-10,2 wk ahead inc death,2020-08-22,19,quantile,0.6,54
2020-08-10,2 wk ahead inc death,2020-08-22,19,quantile,0.65,57
2020-08-10,2 wk ahead inc death,2020-08-22,19,quantile,0.7,60
2020-08-10,2 wk ahead inc death,2020-08-22,19,quantile,0.75,63
2020-08-10,2 wk ahead inc death,2020-08-22,19,quantile,0.8,66
2020-08-10,2 wk ahead inc death,2020-08-22,19,quantile,0.85,71
2020-08-10,2 wk ahead inc death,2020-08-22,19,quantile,0.9,78
2020-08-10,2 wk ahead inc death,2020-08-22,19,quantile,0.95,88
2020-08-10,2 wk ahead inc death,2020-08-22,19,quantile,0.975,97
2020-08-10,2 wk ahead inc death,2020-08-22,19,quantile,0.99,111
2020-08-10,2 wk ahead inc death,2020-08-22,20,quantile,0.01,8
2020-08-10,2 wk ahead inc death,2020-08-22,20,quantile,0.025,9
2020-08-10,2 wk ahead inc death,2020-08-22,20,quantile,0.05,10
2020-08-10,2 wk ahead inc death,2020-08-22,20,quantile,0.1,12
2020-08-10,2 wk ahead inc death,2020-08-22,20,quantile,0.15,13
2020-08-10,2 wk ahead inc death,2020-08-22,20,quantile,0.2,14
2020-08-10,2 wk ahead inc death,2020-08-22,20,quantile,0.25,15
2020-08-10,2 wk ahead inc death,2020-08-22,20,quantile,0.3,17
2020-08-10,2 wk ahead inc death,2020-08-22,20,quantile,0.35,18
2020-08-10,2 wk ahead inc death,2020-08-22,20,quantile,0.4,19
2020-08-10,2 wk ahead inc death,2020-08-22,20,quantile,0.45,20
2020-08-10,2 wk ahead inc death,2020-08-22,20,quantile,0.5,22
2020-08-10,2 wk ahead inc death,2020-08-22,20,quantile,0.55,24
2020-08-10,2 wk ahead inc death,2020-08-22,20,quantile,0.6,25
2020-08-10,2 wk ahead inc death,2020-08-22,20,quantile,0.65,26
2020-08-10,2 wk ahead inc death,2020-08-22,20,quantile,0.7,28
2020-08-10,2 wk ahead inc death,2020-08-22,20,quantile,0.75,30
2020-08-10,2 wk ahead inc death,2020-08-22,20,quantile,0.8,31
2020-08-10,2 wk ahead inc death,2020-08-22,20,quantile,0.85,33
2020-08-10,2 wk ahead inc death,2020-08-22,20,quantile,0.9,36
2020-08-10,2 wk ahead inc death,2020-08-22,20,quantile,0.95,41
2020-08-10,2 wk ahead inc death,2020-08-22,20,quantile,0.975,45
2020-08-10,2 wk ahead inc death,2020-08-22,20,quantile,0.99,51
2020-08-10,2 wk ahead inc death,2020-08-22,21,quantile,0.01,16
2020-08-10,2 wk ahead inc death,2020-08-22,21,quantile,0.025,18
2020-08-10,2 wk ahead inc death,2020-08-22,21,quantile,0.05,20
2020-08-10,2 wk ahead inc death,2020-08-22,21,quantile,0.1,23
2020-08-10,2 wk ahead inc death,2020-08-22,21,quantile,0.15,26
2020-08-10,2 wk ahead inc death,2020-08-22,21,quantile,0.2,29
2020-08-10,2 wk ahead inc death,2020-08-22,21,quantile,0.25,31
2020-08-10,2 wk ahead inc death,2020-08-22,21,quantile,0.3,33
2020-08-10,2 wk ahead inc death,2020-08-22,21,quantile,0.35,36
2020-08-10,2 wk ahead inc death,2020-08-22,21,quantile,0.4,39
2020-08-10,2 wk ahead inc death,2020-08-22,21,quantile,0.45,41
2020-08-10,2 wk ahead inc death,2020-08-22,21,quantile,0.5,44
2020-08-10,2 wk ahead inc death,2020-08-22,21,quantile,0.55,47
2020-08-10,2 wk ahead inc death,2020-08-22,21,quantile,0.6,49
2020-08-10,2 wk ahead inc death,2020-08-22,21,quantile,0.65,52
2020-08-10,2 wk ahead inc death,2020-08-22,21,quantile,0.7,55
2020-08-10,2 wk ahead inc death,2020-08-22,21,quantile,0.75,58
2020-08-10,2 wk ahead inc death,2020-08-22,21,quantile,0.8,63
2020-08-10,2 wk ahead inc death,2020-08-22,21,quantile,0.85,68
2020-08-10,2 wk ahead inc death,2020-08-22,21,quantile,0.9,75
2020-08-10,2 wk ahead inc death,2020-08-22,21,quantile,0.95,86
2020-08-10,2 wk ahead inc death,2020-08-22,21,quantile,0.975,96
2020-08-10,2 wk ahead inc death,2020-08-22,21,quantile,0.99,107
2020-08-10,2 wk ahead inc death,2020-08-22,22,quantile,0.01,124
2020-08-10,2 wk ahead inc death,2020-08-22,22,quantile,0.025,137
2020-08-10,2 wk ahead inc death,2020-08-22,22,quantile,0.05,148
2020-08-10,2 wk ahead inc death,2020-08-22,22,quantile,0.1,163
2020-08-10,2 wk ahead inc death,2020-08-22,22,quantile,0.15,174
2020-08-10,2 wk ahead inc death,2020-08-22,22,quantile,0.2,185
2020-08-10,2 wk ahead inc death,2020-08-22,22,quantile,0.25,194
2020-08-10,2 wk ahead inc death,2020-08-22,22,quantile,0.3,201
2020-08-10,2 wk ahead inc death,2020-08-22,22,quantile,0.35,209
2020-08-10,2 wk ahead inc death,2020-08-22,22,quantile,0.4,216
2020-08-10,2 wk ahead inc death,2020-08-22,22,quantile,0.45,225
2020-08-10,2 wk ahead inc death,2020-08-22,22,quantile,0.5,234
2020-08-10,2 wk ahead inc death,2020-08-22,22,quantile,0.55,242
2020-08-10,2 wk ahead inc death,2020-08-22,22,quantile,0.6,253
2020-08-10,2 wk ahead inc death,2020-08-22,22,quantile,0.65,263
2020-08-10,2 wk ahead inc death,2020-08-22,22,quantile,0.7,274
2020-08-10,2 wk ahead inc death,2020-08-22,22,quantile,0.75,285
2020-08-10,2 wk ahead inc death,2020-08-22,22,quantile,0.8,300
2020-08-10,2 wk ahead inc death,2020-08-22,22,quantile,0.85,318
2020-08-10,2 wk ahead inc death,2020-08-22,22,quantile,0.9,341
2020-08-10,2 wk ahead inc death,2020-08-22,22,quantile,0.95,377
2020-08-10,2 wk ahead inc death,2020-08-22,22,quantile,0.975,413
2020-08-10,2 wk ahead inc death,2020-08-22,22,quantile,0.99,452
2020-08-10,2 wk ahead inc death,2020-08-22,23,quantile,0.01,0
2020-08-10,2 wk ahead inc death,2020-08-22,23,quantile,0.025,0
2020-08-10,2 wk ahead inc death,2020-08-22,23,quantile,0.05,0
2020-08-10,2 wk ahead inc death,2020-08-22,23,quantile,0.1,0
2020-08-10,2 wk ahead inc death,2020-08-22,23,quantile,0.15,0
2020-08-10,2 wk ahead inc death,2020-08-22,23,quantile,0.2,0
2020-08-10,2 wk ahead inc death,2020-08-22,23,quantile,0.25,1
2020-08-10,2 wk ahead inc death,2020-08-22,23,quantile,0.3,1
2020-08-10,2 wk ahead inc death,2020-08-22,23,quantile,0.35,1
2020-08-10,2 wk ahead inc death,2020-08-22,23,quantile,0.4,1
2020-08-10,2 wk ahead inc death,2020-08-22,23,quantile,0.45,1
2020-08-10,2 wk ahead inc death,2020-08-22,23,quantile,0.5,2
2020-08-10,2 wk ahead inc death,2020-08-22,23,quantile,0.55,3
2020-08-10,2 wk ahead inc death,2020-08-22,23,quantile,0.6,3
2020-08-10,2 wk ahead inc death,2020-08-22,23,quantile,0.65,4
2020-08-10,2 wk ahead inc death,2020-08-22,23,quantile,0.7,4
2020-08-10,2 wk ahead inc death,2020-08-22,23,quantile,0.75,4
2020-08-10,2 wk ahead inc death,2020-08-22,23,quantile,0.8,5
2020-08-10,2 wk ahead inc death,2020-08-22,23,quantile,0.85,5
2020-08-10,2 wk ahead inc death,2020-08-22,23,quantile,0.9,5
2020-08-10,2 wk ahead inc death,2020-08-22,23,quantile,0.95,7
2020-08-10,2 wk ahead inc death,2020-08-22,23,quantile,0.975,8
2020-08-10,2 wk ahead inc death,2020-08-22,23,quantile,0.99,9
2020-08-10,2 wk ahead inc death,2020-08-22,24,quantile,0.01,44
2020-08-10,2 wk ahead inc death,2020-08-22,24,quantile,0.025,48
2020-08-10,2 wk ahead inc death,2020-08-22,24,quantile,0.05,51
2020-08-10,2 wk ahead inc death,2020-08-22,24,quantile,0.1,57
2020-08-10,2 wk ahead inc death,2020-08-22,24,quantile,0.15,61
2020-08-10,2 wk ahead inc death,2020-08-22,24,quantile,0.2,64
2020-08-10,2 wk ahead inc death,2020-08-22,24,quantile,0.25,70
2020-08-10,2 wk ahead inc death,2020-08-22,24,quantile,0.3,72
2020-08-10,2 wk ahead inc death,2020-08-22,24,quantile,0.35,75
2020-08-10,2 wk ahead inc death,2020-08-22,24,quantile,0.4,80
2020-08-10,2 wk ahead inc death,2020-08-22,24,quantile,0.45,84
2020-08-10,2 wk ahead inc death,2020-08-22,24,quantile,0.5,89
2020-08-10,2 wk ahead inc death,2020-08-22,24,quantile,0.55,93
2020-08-10,2 wk ahead inc death,2020-08-22,24,quantile,0.6,97
2020-08-10,2 wk ahead inc death,2020-08-22,24,quantile,0.65,101
2020-08-10,2 wk ahead inc death,2020-08-22,24,quantile,0.7,105
2020-08-10,2 wk ahead inc death,2020-08-22,24,quantile,0.75,111
2020-08-10,2 wk ahead inc death,2020-08-22,24,quantile,0.8,118
2020-08-10,2 wk ahead inc death,2020-08-22,24,quantile,0.85,125
2020-08-10,2 wk ahead inc death,2020-08-22,24,quantile,0.9,134
2020-08-10,2 wk ahead inc death,2020-08-22,24,quantile,0.95,148
2020-08-10,2 wk ahead inc death,2020-08-22,24,quantile,0.975,162
2020-08-10,2 wk ahead inc death,2020-08-22,24,quantile,0.99,178
2020-08-10,2 wk ahead inc death,2020-08-22,25,quantile,0.01,39
2020-08-10,2 wk ahead inc death,2020-08-22,25,quantile,0.025,44
2020-08-10,2 wk ahead inc death,2020-08-22,25,quantile,0.05,52
2020-08-10,2 wk ahead inc death,2020-08-22,25,quantile,0.1,60
2020-08-10,2 wk ahead inc death,2020-08-22,25,quantile,0.15,67
2020-08-10,2 wk ahead inc death,2020-08-22,25,quantile,0.2,73
2020-08-10,2 wk ahead inc death,2020-08-22,25,quantile,0.25,78
2020-08-10,2 wk ahead inc death,2020-08-22,25,quantile,0.3,85
2020-08-10,2 wk ahead inc death,2020-08-22,25,quantile,0.35,92
2020-08-10,2 wk ahead inc death,2020-08-22,25,quantile,0.4,98
2020-08-10,2 wk ahead inc death,2020-08-22,25,quantile,0.45,104
2020-08-10,2 wk ahead inc death,2020-08-22,25,quantile,0.5,110
2020-08-10,2 wk ahead inc death,2020-08-22,25,quantile,0.55,116
2020-08-10,2 wk ahead inc death,2020-08-22,25,quantile,0.6,123
2020-08-10,2 wk ahead inc death,2020-08-22,25,quantile,0.65,131
2020-08-10,2 wk ahead inc death,2020-08-22,25,quantile,0.7,139
2020-08-10,2 wk ahead inc death,2020-08-22,25,quantile,0.75,148
2020-08-10,2 wk ahead inc death,2020-08-22,25,quantile,0.8,158
2020-08-10,2 wk ahead inc death,2020-08-22,25,quantile,0.85,168
2020-08-10,2 wk ahead inc death,2020-08-22,25,quantile,0.9,184
2020-08-10,2 wk ahead inc death,2020-08-22,25,quantile,0.95,208
2020-08-10,2 wk ahead inc death,2020-08-22,25,quantile,0.975,229
2020-08-10,2 wk ahead inc death,2020-08-22,25,quantile,0.99,257
2020-08-10,2 wk ahead inc death,2020-08-22,26,quantile,0.01,38
2020-08-10,2 wk ahead inc death,2020-08-22,26,quantile,0.025,41
2020-08-10,2 wk ahead inc death,2020-08-22,26,quantile,0.05,45
2020-08-10,2 wk ahead inc death,2020-08-22,26,quantile,0.1,52
2020-08-10,2 wk ahead inc death,2020-08-22,26,quantile,0.15,56
2020-08-10,2 wk ahead inc death,2020-08-22,26,quantile,0.2,60
2020-08-10,2 wk ahead inc death,2020-08-22,26,quantile,0.25,64
2020-08-10,2 wk ahead inc death,2020-08-22,26,quantile,0.3,68
2020-08-10,2 wk ahead inc death,2020-08-22,26,quantile,0.35,72
2020-08-10,2 wk ahead inc death,2020-08-22,26,quantile,0.4,77
2020-08-10,2 wk ahead inc death,2020-08-22,26,quantile,0.45,81
2020-08-10,2 wk ahead inc death,2020-08-22,26,quantile,0.5,86
2020-08-10,2 wk ahead inc death,2020-08-22,26,quantile,0.55,89
2020-08-10,2 wk ahead inc death,2020-08-22,26,quantile,0.6,94
2020-08-10,2 wk ahead inc death,2020-08-22,26,quantile,0.65,98
2020-08-10,2 wk ahead inc death,2020-08-22,26,quantile,0.7,104
2020-08-10,2 wk ahead inc death,2020-08-22,26,quantile,0.75,110
2020-08-10,2 wk ahead inc death,2020-08-22,26,quantile,0.8,117
2020-08-10,2 wk ahead inc death,2020-08-22,26,quantile,0.85,126
2020-08-10,2 wk ahead inc death,2020-08-22,26,quantile,0.9,137
2020-08-10,2 wk ahead inc death,2020-08-22,26,quantile,0.95,153
2020-08-10,2 wk ahead inc death,2020-08-22,26,quantile,0.975,168
2020-08-10,2 wk ahead inc death,2020-08-22,26,quantile,0.99,192
2020-08-10,2 wk ahead inc death,2020-08-22,27,quantile,0.01,27
2020-08-10,2 wk ahead inc death,2020-08-22,27,quantile,0.025,29
2020-08-10,2 wk ahead inc death,2020-08-22,27,quantile,0.05,33
2020-08-10,2 wk ahead inc death,2020-08-22,27,quantile,0.1,36
2020-08-10,2 wk ahead inc death,2020-08-22,27,quantile,0.15,40
2020-08-10,2 wk ahead inc death,2020-08-22,27,quantile,0.2,43
2020-08-10,2 wk ahead inc death,2020-08-22,27,quantile,0.25,45
2020-08-10,2 wk ahead inc death,2020-08-22,27,quantile,0.3,48
2020-08-10,2 wk ahead inc death,2020-08-22,27,quantile,0.35,50
2020-08-10,2 wk ahead inc death,2020-08-22,27,quantile,0.4,52
2020-08-10,2 wk ahead inc death,2020-08-22,27,quantile,0.45,54
2020-08-10,2 wk ahead inc death,2020-08-22,27,quantile,0.5,57
2020-08-10,2 wk ahead inc death,2020-08-22,27,quantile,0.55,61
2020-08-10,2 wk ahead inc death,2020-08-22,27,quantile,0.6,64
2020-08-10,2 wk ahead inc death,2020-08-22,27,quantile,0.65,66
2020-08-10,2 wk ahead inc death,2020-08-22,27,quantile,0.7,70
2020-08-10,2 wk ahead inc death,2020-08-22,27,quantile,0.75,73
2020-08-10,2 wk ahead inc death,2020-08-22,27,quantile,0.8,76
2020-08-10,2 wk ahead inc death,2020-08-22,27,quantile,0.85,80
2020-08-10,2 wk ahead inc death,2020-08-22,27,quantile,0.9,87
2020-08-10,2 wk ahead inc death,2020-08-22,27,quantile,0.95,99
2020-08-10,2 wk ahead inc death,2020-08-22,27,quantile,0.975,108
2020-08-10,2 wk ahead inc death,2020-08-22,27,quantile,0.99,117
2020-08-10,2 wk ahead inc death,2020-08-22,28,quantile,0.01,82
2020-08-10,2 wk ahead inc death,2020-08-22,28,quantile,0.025,89
2020-08-10,2 wk ahead inc death,2020-08-22,28,quantile,0.05,98
2020-08-10,2 wk ahead inc death,2020-08-22,28,quantile,0.1,108
2020-08-10,2 wk ahead inc death,2020-08-22,28,quantile,0.15,117
2020-08-10,2 wk ahead inc death,2020-08-22,28,quantile,0.2,128
2020-08-10,2 wk ahead inc death,2020-08-22,28,quantile,0.25,134
2020-08-10,2 wk ahead inc death,2020-08-22,28,quantile,0.3,139
2020-08-10,2 wk ahead inc death,2020-08-22,28,quantile,0.35,146
2020-08-10,2 wk ahead inc death,2020-08-22,28,quantile,0.4,155
2020-08-10,2 wk ahead inc death,2020-08-22,28,quantile,0.45,164
2020-08-10,2 wk ahead inc death,2020-08-22,28,quantile,0.5,171
2020-08-10,2 wk ahead inc death,2020-08-22,28,quantile,0.55,177
2020-08-10,2 wk ahead inc death,2020-08-22,28,quantile,0.6,183
2020-08-10,2 wk ahead inc death,2020-08-22,28,quantile,0.65,190
2020-08-10,2 wk ahead inc death,2020-08-22,28,quantile,0.7,198
2020-08-10,2 wk ahead inc death,2020-08-22,28,quantile,0.75,207
2020-08-10,2 wk ahead inc death,2020-08-22,28,quantile,0.8,218
2020-08-10,2 wk ahead inc death,2020-08-22,28,quantile,0.85,231
2020-08-10,2 wk ahead inc death,2020-08-22,28,quantile,0.9,248
2020-08-10,2 wk ahead inc death,2020-08-22,28,quantile,0.95,275
2020-08-10,2 wk ahead inc death,2020-08-22,28,quantile,0.975,299
2020-08-10,2 wk ahead inc death,2020-08-22,28,quantile,0.99,330
2020-08-10,2 wk ahead inc death,2020-08-22,29,quantile,0.01,32
2020-08-10,2 wk ahead inc death,2020-08-22,29,quantile,0.025,35
2020-08-10,2 wk ahead inc death,2020-08-22,29,quantile,0.05,39
2020-08-10,2 wk ahead inc death,2020-08-22,29,quantile,0.1,43
2020-08-10,2 wk ahead inc death,2020-08-22,29,quantile,0.15,47
2020-08-10,2 wk ahead inc death,2020-08-22,29,quantile,0.2,50
2020-08-10,2 wk ahead inc death,2020-08-22,29,quantile,0.25,53
2020-08-10,2 wk ahead inc death,2020-08-22,29,quantile,0.3,56
2020-08-10,2 wk ahead inc death,2020-08-22,29,quantile,0.35,59
2020-08-10,2 wk ahead inc death,2020-08-22,29,quantile,0.4,61
2020-08-10,2 wk ahead inc death,2020-08-22,29,quantile,0.45,64
2020-08-10,2 wk ahead inc death,2020-08-22,29,quantile,0.5,67
2020-08-10,2 wk ahead inc death,2020-08-22,29,quantile,0.55,70
2020-08-10,2 wk ahead inc death,2020-08-22,29,quantile,0.6,72
2020-08-10,2 wk ahead inc death,2020-08-22,29,quantile,0.65,75
2020-08-10,2 wk ahead inc death,2020-08-22,29,quantile,0.7,78
2020-08-10,2 wk ahead inc death,2020-08-22,29,quantile,0.75,82
2020-08-10,2 wk ahead inc death,2020-08-22,29,quantile,0.8,86
2020-08-10,2 wk ahead inc death,2020-08-22,29,quantile,0.85,91
2020-08-10,2 wk ahead inc death,2020-08-22,29,quantile,0.9,98
2020-08-10,2 wk ahead inc death,2020-08-22,29,quantile,0.95,109
2020-08-10,2 wk ahead inc death,2020-08-22,29,quantile,0.975,120
2020-08-10,2 wk ahead inc death,2020-08-22,29,quantile,0.99,133
2020-08-10,2 wk ahead inc death,2020-08-22,30,quantile,0.01,4
2020-08-10,2 wk ahead inc death,2020-08-22,30,quantile,0.025,5
2020-08-10,2 wk ahead inc death,2020-08-22,30,quantile,0.05,6
2020-08-10,2 wk ahead inc death,2020-08-22,30,quantile,0.1,7
2020-08-10,2 wk ahead inc death,2020-08-22,30,quantile,0.15,8
2020-08-10,2 wk ahead inc death,2020-08-22,30,quantile,0.2,9
2020-08-10,2 wk ahead inc death,2020-08-22,30,quantile,0.25,10
2020-08-10,2 wk ahead inc death,2020-08-22,30,quantile,0.3,10
2020-08-10,2 wk ahead inc death,2020-08-22,30,quantile,0.35,11
2020-08-10,2 wk ahead inc death,2020-08-22,30,quantile,0.4,12
2020-08-10,2 wk ahead inc death,2020-08-22,30,quantile,0.45,12
2020-08-10,2 wk ahead inc death,2020-08-22,30,quantile,0.5,14
2020-08-10,2 wk ahead inc death,2020-08-22,30,quantile,0.55,14
2020-08-10,2 wk ahead inc death,2020-08-22,30,quantile,0.6,15
2020-08-10,2 wk ahead inc death,2020-08-22,30,quantile,0.65,16
2020-08-10,2 wk ahead inc death,2020-08-22,30,quantile,0.7,17
2020-08-10,2 wk ahead inc death,2020-08-22,30,quantile,0.75,18
2020-08-10,2 wk ahead inc death,2020-08-22,30,quantile,0.8,19
2020-08-10,2 wk ahead inc death,2020-08-22,30,quantile,0.85,21
2020-08-10,2 wk ahead inc death,2020-08-22,30,quantile,0.9,23
2020-08-10,2 wk ahead inc death,2020-08-22,30,quantile,0.95,26
2020-08-10,2 wk ahead inc death,2020-08-22,30,quantile,0.975,29
2020-08-10,2 wk ahead inc death,2020-08-22,30,quantile,0.99,32
2020-08-10,2 wk ahead inc death,2020-08-22,31,quantile,0.01,4
2020-08-10,2 wk ahead inc death,2020-08-22,31,quantile,0.025,5
2020-08-10,2 wk ahead inc death,2020-08-22,31,quantile,0.05,6
2020-08-10,2 wk ahead inc death,2020-08-22,31,quantile,0.1,7
2020-08-10,2 wk ahead inc death,2020-08-22,31,quantile,0.15,9
2020-08-10,2 wk ahead inc death,2020-08-22,31,quantile,0.2,9
2020-08-10,2 wk ahead inc death,2020-08-22,31,quantile,0.25,10
2020-08-10,2 wk ahead inc death,2020-08-22,31,quantile,0.3,11
2020-08-10,2 wk ahead inc death,2020-08-22,31,quantile,0.35,12
2020-08-10,2 wk ahead inc death,2020-08-22,31,quantile,0.4,13
2020-08-10,2 wk ahead inc death,2020-08-22,31,quantile,0.45,14
2020-08-10,2 wk ahead inc death,2020-08-22,31,quantile,0.5,16
2020-08-10,2 wk ahead inc death,2020-08-22,31,quantile,0.55,17
2020-08-10,2 wk ahead inc death,2020-08-22,31,quantile,0.6,18
2020-08-10,2 wk ahead inc death,2020-08-22,31,quantile,0.65,20
2020-08-10,2 wk ahead inc death,2020-08-22,31,quantile,0.7,21
2020-08-10,2 wk ahead inc death,2020-08-22,31,quantile,0.75,22
2020-08-10,2 wk ahead inc death,2020-08-22,31,quantile,0.8,24
2020-08-10,2 wk ahead inc death,2020-08-22,31,quantile,0.85,26
2020-08-10,2 wk ahead inc death,2020-08-22,31,quantile,0.9,29
2020-08-10,2 wk ahead inc death,2020-08-22,31,quantile,0.95,33
2020-08-10,2 wk ahead inc death,2020-08-22,31,quantile,0.975,37
2020-08-10,2 wk ahead inc death,2020-08-22,31,quantile,0.99,42
2020-08-10,2 wk ahead inc death,2020-08-22,32,quantile,0.01,53
2020-08-10,2 wk ahead inc death,2020-08-22,32,quantile,0.025,59
2020-08-10,2 wk ahead inc death,2020-08-22,32,quantile,0.05,64
2020-08-10,2 wk ahead inc death,2020-08-22,32,quantile,0.1,72
2020-08-10,2 wk ahead inc death,2020-08-22,32,quantile,0.15,77
2020-08-10,2 wk ahead inc death,2020-08-22,32,quantile,0.2,82
2020-08-10,2 wk ahead inc death,2020-08-22,32,quantile,0.25,86
2020-08-10,2 wk ahead inc death,2020-08-22,32,quantile,0.3,89
2020-08-10,2 wk ahead inc death,2020-08-22,32,quantile,0.35,93
2020-08-10,2 wk ahead inc death,2020-08-22,32,quantile,0.4,97
2020-08-10,2 wk ahead inc death,2020-08-22,32,quantile,0.45,100
2020-08-10,2 wk ahead inc death,2020-08-22,32,quantile,0.5,104
2020-08-10,2 wk ahead inc death,2020-08-22,32,quantile,0.55,109
2020-08-10,2 wk ahead inc death,2020-08-22,32,quantile,0.6,113
2020-08-10,2 wk ahead inc death,2020-08-22,32,quantile,0.65,116
2020-08-10,2 wk ahead inc death,2020-08-22,32,quantile,0.7,121
2020-08-10,2 wk ahead inc death,2020-08-22,32,quantile,0.75,126
2020-08-10,2 wk ahead inc death,2020-08-22,32,quantile,0.8,132
2020-08-10,2 wk ahead inc death,2020-08-22,32,quantile,0.85,140
2020-08-10,2 wk ahead inc death,2020-08-22,32,quantile,0.9,149
2020-08-10,2 wk ahead inc death,2020-08-22,32,quantile,0.95,164
2020-08-10,2 wk ahead inc death,2020-08-22,32,quantile,0.975,180
2020-08-10,2 wk ahead inc death,2020-08-22,32,quantile,0.99,202
2020-08-10,2 wk ahead inc death,2020-08-22,33,quantile,0.01,1
2020-08-10,2 wk ahead inc death,2020-08-22,33,quantile,0.025,1
2020-08-10,2 wk ahead inc death,2020-08-22,33,quantile,0.05,1
2020-08-10,2 wk ahead inc death,2020-08-22,33,quantile,0.1,2
2020-08-10,2 wk ahead inc death,2020-08-22,33,quantile,0.15,2
2020-08-10,2 wk ahead inc death,2020-08-22,33,quantile,0.2,3
2020-08-10,2 wk ahead inc death,2020-08-22,33,quantile,0.25,3
2020-08-10,2 wk ahead inc death,2020-08-22,33,quantile,0.3,3
2020-08-10,2 wk ahead inc death,2020-08-22,33,quantile,0.35,3
2020-08-10,2 wk ahead inc death,2020-08-22,33,quantile,0.4,4
2020-08-10,2 wk ahead inc death,2020-08-22,33,quantile,0.45,4
2020-08-10,2 wk ahead inc death,2020-08-22,33,quantile,0.5,6
2020-08-10,2 wk ahead inc death,2020-08-22,33,quantile,0.55,7
2020-08-10,2 wk ahead inc death,2020-08-22,33,quantile,0.6,8
2020-08-10,2 wk ahead inc death,2020-08-22,33,quantile,0.65,8
2020-08-10,2 wk ahead inc death,2020-08-22,33,quantile,0.7,9
2020-08-10,2 wk ahead inc death,2020-08-22,33,quantile,0.75,10
2020-08-10,2 wk ahead inc death,2020-08-22,33,quantile,0.8,11
2020-08-10,2 wk ahead inc death,2020-08-22,33,quantile,0.85,12
2020-08-10,2 wk ahead inc death,2020-08-22,33,quantile,0.9,14
2020-08-10,2 wk ahead inc death,2020-08-22,33,quantile,0.95,16
2020-08-10,2 wk ahead inc death,2020-08-22,33,quantile,0.975,18
2020-08-10,2 wk ahead inc death,2020-08-22,33,quantile,0.99,21
2020-08-10,2 wk ahead inc death,2020-08-22,34,quantile,0.01,32
2020-08-10,2 wk ahead inc death,2020-08-22,34,quantile,0.025,36
2020-08-10,2 wk ahead inc death,2020-08-22,34,quantile,0.05,39
2020-08-10,2 wk ahead inc death,2020-08-22,34,quantile,0.1,43
2020-08-10,2 wk ahead inc death,2020-08-22,34,quantile,0.15,46
2020-08-10,2 wk ahead inc death,2020-08-22,34,quantile,0.2,49
2020-08-10,2 wk ahead inc death,2020-08-22,34,quantile,0.25,52
2020-08-10,2 wk ahead inc death,2020-08-22,34,quantile,0.3,54
2020-08-10,2 wk ahead inc death,2020-08-22,34,quantile,0.35,57
2020-08-10,2 wk ahead inc death,2020-08-22,34,quantile,0.4,59
2020-08-10,2 wk ahead inc death,2020-08-22,34,quantile,0.45,63
2020-08-10,2 wk ahead inc death,2020-08-22,34,quantile,0.5,67
2020-08-10,2 wk ahead inc death,2020-08-22,34,quantile,0.55,71
2020-08-10,2 wk ahead inc death,2020-08-22,34,quantile,0.6,75
2020-08-10,2 wk ahead inc death,2020-08-22,34,quantile,0.65,80
2020-08-10,2 wk ahead inc death,2020-08-22,34,quantile,0.7,85
2020-08-10,2 wk ahead inc death,2020-08-22,34,quantile,0.75,90
2020-08-10,2 wk ahead inc death,2020-08-22,34,quantile,0.8,97
2020-08-10,2 wk ahead inc death,2020-08-22,34,quantile,0.85,105
2020-08-10,2 wk ahead inc death,2020-08-22,34,quantile,0.9,116
2020-08-10,2 wk ahead inc death,2020-08-22,34,quantile,0.95,132
2020-08-10,2 wk ahead inc death,2020-08-22,34,quantile,0.975,147
2020-08-10,2 wk ahead inc death,2020-08-22,34,quantile,0.99,187
2020-08-10,2 wk ahead inc death,2020-08-22,35,quantile,0.01,13
2020-08-10,2 wk ahead inc death,2020-08-22,35,quantile,0.025,15
2020-08-10,2 wk ahead inc death,2020-08-22,35,quantile,0.05,17
2020-08-10,2 wk ahead inc death,2020-08-22,35,quantile,0.1,19
2020-08-10,2 wk ahead inc death,2020-08-22,35,quantile,0.15,21
2020-08-10,2 wk ahead inc death,2020-08-22,35,quantile,0.2,22
2020-08-10,2 wk ahead inc death,2020-08-22,35,quantile,0.25,23
2020-08-10,2 wk ahead inc death,2020-08-22,35,quantile,0.3,24
2020-08-10,2 wk ahead inc death,2020-08-22,35,quantile,0.35,25
2020-08-10,2 wk ahead inc death,2020-08-22,35,quantile,0.4,26
2020-08-10,2 wk ahead inc death,2020-08-22,35,quantile,0.45,27
2020-08-10,2 wk ahead inc death,2020-08-22,35,quantile,0.5,29
2020-08-10,2 wk ahead inc death,2020-08-22,35,quantile,0.55,30
2020-08-10,2 wk ahead inc death,2020-08-22,35,quantile,0.6,32
2020-08-10,2 wk ahead inc death,2020-08-22,35,quantile,0.65,33
2020-08-10,2 wk ahead inc death,2020-08-22,35,quantile,0.7,35
2020-08-10,2 wk ahead inc death,2020-08-22,35,quantile,0.75,36
2020-08-10,2 wk ahead inc death,2020-08-22,35,quantile,0.8,38
2020-08-10,2 wk ahead inc death,2020-08-22,35,quantile,0.85,40
2020-08-10,2 wk ahead inc death,2020-08-22,35,quantile,0.9,43
2020-08-10,2 wk ahead inc death,2020-08-22,35,quantile,0.95,47
2020-08-10,2 wk ahead inc death,2020-08-22,35,quantile,0.975,51
2020-08-10,2 wk ahead inc death,2020-08-22,35,quantile,0.99,57
2020-08-10,2 wk ahead inc death,2020-08-22,36,quantile,0.01,35
2020-08-10,2 wk ahead inc death,2020-08-22,36,quantile,0.025,40
2020-08-10,2 wk ahead inc death,2020-08-22,36,quantile,0.05,44
2020-08-10,2 wk ahead inc death,2020-08-22,36,quantile,0.1,50
2020-08-10,2 wk ahead inc death,2020-08-22,36,quantile,0.15,54
2020-08-10,2 wk ahead inc death,2020-08-22,36,quantile,0.2,59
2020-08-10,2 wk ahead inc death,2020-08-22,36,quantile,0.25,63
2020-08-10,2 wk ahead inc death,2020-08-22,36,quantile,0.3,67
2020-08-10,2 wk ahead inc death,2020-08-22,36,quantile,0.35,71
2020-08-10,2 wk ahead inc death,2020-08-22,36,quantile,0.4,75
2020-08-10,2 wk ahead inc death,2020-08-22,36,quantile,0.45,79
2020-08-10,2 wk ahead inc death,2020-08-22,36,quantile,0.5,85
2020-08-10,2 wk ahead inc death,2020-08-22,36,quantile,0.55,89
2020-08-10,2 wk ahead inc death,2020-08-22,36,quantile,0.6,95
2020-08-10,2 wk ahead inc death,2020-08-22,36,quantile,0.65,101
2020-08-10,2 wk ahead inc death,2020-08-22,36,quantile,0.7,109
2020-08-10,2 wk ahead inc death,2020-08-22,36,quantile,0.75,118
2020-08-10,2 wk ahead inc death,2020-08-22,36,quantile,0.8,128
2020-08-10,2 wk ahead inc death,2020-08-22,36,quantile,0.85,146
2020-08-10,2 wk ahead inc death,2020-08-22,36,quantile,0.9,172
2020-08-10,2 wk ahead inc death,2020-08-22,36,quantile,0.95,222
2020-08-10,2 wk ahead inc death,2020-08-22,36,quantile,0.975,255
2020-08-10,2 wk ahead inc death,2020-08-22,36,quantile,0.99,294
2020-08-10,2 wk ahead inc death,2020-08-22,37,quantile,0.01,85
2020-08-10,2 wk ahead inc death,2020-08-22,37,quantile,0.025,93
2020-08-10,2 wk ahead inc death,2020-08-22,37,quantile,0.05,101
2020-08-10,2 wk ahead inc death,2020-08-22,37,quantile,0.1,113
2020-08-10,2 wk ahead inc death,2020-08-22,37,quantile,0.15,121
2020-08-10,2 wk ahead inc death,2020-08-22,37,quantile,0.2,131
2020-08-10,2 wk ahead inc death,2020-08-22,37,quantile,0.25,137
2020-08-10,2 wk ahead inc death,2020-08-22,37,quantile,0.3,143
2020-08-10,2 wk ahead inc death,2020-08-22,37,quantile,0.35,152
2020-08-10,2 wk ahead inc death,2020-08-22,37,quantile,0.4,161
2020-08-10,2 wk ahead inc death,2020-08-22,37,quantile,0.45,169
2020-08-10,2 wk ahead inc death,2020-08-22,37,quantile,0.5,177
2020-08-10,2 wk ahead inc death,2020-08-22,37,quantile,0.55,183
2020-08-10,2 wk ahead inc death,2020-08-22,37,quantile,0.6,190
2020-08-10,2 wk ahead inc death,2020-08-22,37,quantile,0.65,197
2020-08-10,2 wk ahead inc death,2020-08-22,37,quantile,0.7,204
2020-08-10,2 wk ahead inc death,2020-08-22,37,quantile,0.75,214
2020-08-10,2 wk ahead inc death,2020-08-22,37,quantile,0.8,224
2020-08-10,2 wk ahead inc death,2020-08-22,37,quantile,0.85,236
2020-08-10,2 wk ahead inc death,2020-08-22,37,quantile,0.9,255
2020-08-10,2 wk ahead inc death,2020-08-22,37,quantile,0.95,283
2020-08-10,2 wk ahead inc death,2020-08-22,37,quantile,0.975,304
2020-08-10,2 wk ahead inc death,2020-08-22,37,quantile,0.99,334
2020-08-10,2 wk ahead inc death,2020-08-22,38,quantile,0.01,2
2020-08-10,2 wk ahead inc death,2020-08-22,38,quantile,0.025,2
2020-08-10,2 wk ahead inc death,2020-08-22,38,quantile,0.05,3
2020-08-10,2 wk ahead inc death,2020-08-22,38,quantile,0.1,4
2020-08-10,2 wk ahead inc death,2020-08-22,38,quantile,0.15,4
2020-08-10,2 wk ahead inc death,2020-08-22,38,quantile,0.2,5
2020-08-10,2 wk ahead inc death,2020-08-22,38,quantile,0.25,5
2020-08-10,2 wk ahead inc death,2020-08-22,38,quantile,0.3,5
2020-08-10,2 wk ahead inc death,2020-08-22,38,quantile,0.35,6
2020-08-10,2 wk ahead inc death,2020-08-22,38,quantile,0.4,6
2020-08-10,2 wk ahead inc death,2020-08-22,38,quantile,0.45,7
2020-08-10,2 wk ahead inc death,2020-08-22,38,quantile,0.5,8
2020-08-10,2 wk ahead inc death,2020-08-22,38,quantile,0.55,10
2020-08-10,2 wk ahead inc death,2020-08-22,38,quantile,0.6,10
2020-08-10,2 wk ahead inc death,2020-08-22,38,quantile,0.65,11
2020-08-10,2 wk ahead inc death,2020-08-22,38,quantile,0.7,11
2020-08-10,2 wk ahead inc death,2020-08-22,38,quantile,0.75,12
2020-08-10,2 wk ahead inc death,2020-08-22,38,quantile,0.8,13
2020-08-10,2 wk ahead inc death,2020-08-22,38,quantile,0.85,14
2020-08-10,2 wk ahead inc death,2020-08-22,38,quantile,0.9,15
2020-08-10,2 wk ahead inc death,2020-08-22,38,quantile,0.95,18
2020-08-10,2 wk ahead inc death,2020-08-22,38,quantile,0.975,20
2020-08-10,2 wk ahead inc death,2020-08-22,38,quantile,0.99,23
2020-08-10,2 wk ahead inc death,2020-08-22,39,quantile,0.01,79
2020-08-10,2 wk ahead inc death,2020-08-22,39,quantile,0.025,87
2020-08-10,2 wk ahead inc death,2020-08-22,39,quantile,0.05,94
2020-08-10,2 wk ahead inc death,2020-08-22,39,quantile,0.1,105
2020-08-10,2 wk ahead inc death,2020-08-22,39,quantile,0.15,114
2020-08-10,2 wk ahead inc death,2020-08-22,39,quantile,0.2,122
2020-08-10,2 wk ahead inc death,2020-08-22,39,quantile,0.25,129
2020-08-10,2 wk ahead inc death,2020-08-22,39,quantile,0.3,135
2020-08-10,2 wk ahead inc death,2020-08-22,39,quantile,0.35,141
2020-08-10,2 wk ahead inc death,2020-08-22,39,quantile,0.4,151
2020-08-10,2 wk ahead inc death,2020-08-22,39,quantile,0.45,158
2020-08-10,2 wk ahead inc death,2020-08-22,39,quantile,0.5,165
2020-08-10,2 wk ahead inc death,2020-08-22,39,quantile,0.55,172
2020-08-10,2 wk ahead inc death,2020-08-22,39,quantile,0.6,179
2020-08-10,2 wk ahead inc death,2020-08-22,39,quantile,0.65,185
2020-08-10,2 wk ahead inc death,2020-08-22,39,quantile,0.7,192
2020-08-10,2 wk ahead inc death,2020-08-22,39,quantile,0.75,201
2020-08-10,2 wk ahead inc death,2020-08-22,39,quantile,0.8,210
2020-08-10,2 wk ahead inc death,2020-08-22,39,quantile,0.85,222
2020-08-10,2 wk ahead inc death,2020-08-22,39,quantile,0.9,238
2020-08-10,2 wk ahead inc death,2020-08-22,39,quantile,0.95,262
2020-08-10,2 wk ahead inc death,2020-08-22,39,quantile,0.975,288
2020-08-10,2 wk ahead inc death,2020-08-22,39,quantile,0.99,320
2020-08-10,2 wk ahead inc death,2020-08-22,40,quantile,0.01,25
2020-08-10,2 wk ahead inc death,2020-08-22,40,quantile,0.025,27
2020-08-10,2 wk ahead inc death,2020-08-22,40,quantile,0.05,30
2020-08-10,2 wk ahead inc death,2020-08-22,40,quantile,0.1,34
2020-08-10,2 wk ahead inc death,2020-08-22,40,quantile,0.15,37
2020-08-10,2 wk ahead inc death,2020-08-22,40,quantile,0.2,39
2020-08-10,2 wk ahead inc death,2020-08-22,40,quantile,0.25,42
2020-08-10,2 wk ahead inc death,2020-08-22,40,quantile,0.3,44
2020-08-10,2 wk ahead inc death,2020-08-22,40,quantile,0.35,46
2020-08-10,2 wk ahead inc death,2020-08-22,40,quantile,0.4,49
2020-08-10,2 wk ahead inc death,2020-08-22,40,quantile,0.45,51
2020-08-10,2 wk ahead inc death,2020-08-22,40,quantile,0.5,54
2020-08-10,2 wk ahead inc death,2020-08-22,40,quantile,0.55,57
2020-08-10,2 wk ahead inc death,2020-08-22,40,quantile,0.6,59
2020-08-10,2 wk ahead inc death,2020-08-22,40,quantile,0.65,61
2020-08-10,2 wk ahead inc death,2020-08-22,40,quantile,0.7,64
2020-08-10,2 wk ahead inc death,2020-08-22,40,quantile,0.75,67
2020-08-10,2 wk ahead inc death,2020-08-22,40,quantile,0.8,71
2020-08-10,2 wk ahead inc death,2020-08-22,40,quantile,0.85,75
2020-08-10,2 wk ahead inc death,2020-08-22,40,quantile,0.9,82
2020-08-10,2 wk ahead inc death,2020-08-22,40,quantile,0.95,92
2020-08-10,2 wk ahead inc death,2020-08-22,40,quantile,0.975,99
2020-08-10,2 wk ahead inc death,2020-08-22,40,quantile,0.99,114
2020-08-10,2 wk ahead inc death,2020-08-22,41,quantile,0.01,13
2020-08-10,2 wk ahead inc death,2020-08-22,41,quantile,0.025,14
2020-08-10,2 wk ahead inc death,2020-08-22,41,quantile,0.05,16
2020-08-10,2 wk ahead inc death,2020-08-22,41,quantile,0.1,18
2020-08-10,2 wk ahead inc death,2020-08-22,41,quantile,0.15,20
2020-08-10,2 wk ahead inc death,2020-08-22,41,quantile,0.2,22
2020-08-10,2 wk ahead inc death,2020-08-22,41,quantile,0.25,23
2020-08-10,2 wk ahead inc death,2020-08-22,41,quantile,0.3,25
2020-08-10,2 wk ahead inc death,2020-08-22,41,quantile,0.35,27
2020-08-10,2 wk ahead inc death,2020-08-22,41,quantile,0.4,28
2020-08-10,2 wk ahead inc death,2020-08-22,41,quantile,0.45,30
2020-08-10,2 wk ahead inc death,2020-08-22,41,quantile,0.5,32
2020-08-10,2 wk ahead inc death,2020-08-22,41,quantile,0.55,34
2020-08-10,2 wk ahead inc death,2020-08-22,41,quantile,0.6,36
2020-08-10,2 wk ahead inc death,2020-08-22,41,quantile,0.65,37
2020-08-10,2 wk ahead inc death,2020-08-22,41,quantile,0.7,39
2020-08-10,2 wk ahead inc death,2020-08-22,41,quantile,0.75,41
2020-08-10,2 wk ahead inc death,2020-08-22,41,quantile,0.8,43
2020-08-10,2 wk ahead inc death,2020-08-22,41,quantile,0.85,47
2020-08-10,2 wk ahead inc death,2020-08-22,41,quantile,0.9,50
2020-08-10,2 wk ahead inc death,2020-08-22,41,quantile,0.95,55
2020-08-10,2 wk ahead inc death,2020-08-22,41,quantile,0.975,61
2020-08-10,2 wk ahead inc death,2020-08-22,41,quantile,0.99,67
2020-08-10,2 wk ahead inc death,2020-08-22,42,quantile,0.01,54
2020-08-10,2 wk ahead inc death,2020-08-22,42,quantile,0.025,59
2020-08-10,2 wk ahead inc death,2020-08-22,42,quantile,0.05,64
2020-08-10,2 wk ahead inc death,2020-08-22,42,quantile,0.1,71
2020-08-10,2 wk ahead inc death,2020-08-22,42,quantile,0.15,76
2020-08-10,2 wk ahead inc death,2020-08-22,42,quantile,0.2,81
2020-08-10,2 wk ahead inc death,2020-08-22,42,quantile,0.25,86
2020-08-10,2 wk ahead inc death,2020-08-22,42,quantile,0.3,90
2020-08-10,2 wk ahead inc death,2020-08-22,42,quantile,0.35,94
2020-08-10,2 wk ahead inc death,2020-08-22,42,quantile,0.4,99
2020-08-10,2 wk ahead inc death,2020-08-22,42,quantile,0.45,104
2020-08-10,2 wk ahead inc death,2020-08-22,42,quantile,0.5,110
2020-08-10,2 wk ahead inc death,2020-08-22,42,quantile,0.55,115
2020-08-10,2 wk ahead inc death,2020-08-22,42,quantile,0.6,121
2020-08-10,2 wk ahead inc death,2020-08-22,42,quantile,0.65,126
2020-08-10,2 wk ahead inc death,2020-08-22,42,quantile,0.7,131
2020-08-10,2 wk ahead inc death,2020-08-22,42,quantile,0.75,137
2020-08-10,2 wk ahead inc death,2020-08-22,42,quantile,0.8,146
2020-08-10,2 wk ahead inc death,2020-08-22,42,quantile,0.85,155
2020-08-10,2 wk ahead inc death,2020-08-22,42,quantile,0.9,167
2020-08-10,2 wk ahead inc death,2020-08-22,42,quantile,0.95,185
2020-08-10,2 wk ahead inc death,2020-08-22,42,quantile,0.975,201
2020-08-10,2 wk ahead inc death,2020-08-22,42,quantile,0.99,225
2020-08-10,2 wk ahead inc death,2020-08-22,44,quantile,0.01,1
2020-08-10,2 wk ahead inc death,2020-08-22,44,quantile,0.025,1
2020-08-10,2 wk ahead inc death,2020-08-22,44,quantile,0.05,2
2020-08-10,2 wk ahead inc death,2020-08-22,44,quantile,0.1,3
2020-08-10,2 wk ahead inc death,2020-08-22,44,quantile,0.15,3
2020-08-10,2 wk ahead inc death,2020-08-22,44,quantile,0.2,4
2020-08-10,2 wk ahead inc death,2020-08-22,44,quantile,0.25,4
2020-08-10,2 wk ahead inc death,2020-08-22,44,quantile,0.3,5
2020-08-10,2 wk ahead inc death,2020-08-22,44,quantile,0.35,6
2020-08-10,2 wk ahead inc death,2020-08-22,44,quantile,0.4,6
2020-08-10,2 wk ahead inc death,2020-08-22,44,quantile,0.45,7
2020-08-10,2 wk ahead inc death,2020-08-22,44,quantile,0.5,9
2020-08-10,2 wk ahead inc death,2020-08-22,44,quantile,0.55,10
2020-08-10,2 wk ahead inc death,2020-08-22,44,quantile,0.6,11
2020-08-10,2 wk ahead inc death,2020-08-22,44,quantile,0.65,12
2020-08-10,2 wk ahead inc death,2020-08-22,44,quantile,0.7,14
2020-08-10,2 wk ahead inc death,2020-08-22,44,quantile,0.75,15
2020-08-10,2 wk ahead inc death,2020-08-22,44,quantile,0.8,17
2020-08-10,2 wk ahead inc death,2020-08-22,44,quantile,0.85,18
2020-08-10,2 wk ahead inc death,2020-08-22,44,quantile,0.9,21
2020-08-10,2 wk ahead inc death,2020-08-22,44,quantile,0.95,25
2020-08-10,2 wk ahead inc death,2020-08-22,44,quantile,0.975,28
2020-08-10,2 wk ahead inc death,2020-08-22,44,quantile,0.99,34
2020-08-10,2 wk ahead inc death,2020-08-22,45,quantile,0.01,109
2020-08-10,2 wk ahead inc death,2020-08-22,45,quantile,0.025,121
2020-08-10,2 wk ahead inc death,2020-08-22,45,quantile,0.05,132
2020-08-10,2 wk ahead inc death,2020-08-22,45,quantile,0.1,145
2020-08-10,2 wk ahead inc death,2020-08-22,45,quantile,0.15,155
2020-08-10,2 wk ahead inc death,2020-08-22,45,quantile,0.2,165
2020-08-10,2 wk ahead inc death,2020-08-22,45,quantile,0.25,173
2020-08-10,2 wk ahead inc death,2020-08-22,45,quantile,0.3,181
2020-08-10,2 wk ahead inc death,2020-08-22,45,quantile,0.35,190
2020-08-10,2 wk ahead inc death,2020-08-22,45,quantile,0.4,202
2020-08-10,2 wk ahead inc death,2020-08-22,45,quantile,0.45,211
2020-08-10,2 wk ahead inc death,2020-08-22,45,quantile,0.5,220
2020-08-10,2 wk ahead inc death,2020-08-22,45,quantile,0.55,228
2020-08-10,2 wk ahead inc death,2020-08-22,45,quantile,0.6,236
2020-08-10,2 wk ahead inc death,2020-08-22,45,quantile,0.65,243
2020-08-10,2 wk ahead inc death,2020-08-22,45,quantile,0.7,251
2020-08-10,2 wk ahead inc death,2020-08-22,45,quantile,0.75,261
2020-08-10,2 wk ahead inc death,2020-08-22,45,quantile,0.8,273
2020-08-10,2 wk ahead inc death,2020-08-22,45,quantile,0.85,288
2020-08-10,2 wk ahead inc death,2020-08-22,45,quantile,0.9,307
2020-08-10,2 wk ahead inc death,2020-08-22,45,quantile,0.95,339
2020-08-10,2 wk ahead inc death,2020-08-22,45,quantile,0.975,366
2020-08-10,2 wk ahead inc death,2020-08-22,45,quantile,0.99,404
2020-08-10,2 wk ahead inc death,2020-08-22,46,quantile,0.01,3
2020-08-10,2 wk ahead inc death,2020-08-22,46,quantile,0.025,4
2020-08-10,2 wk ahead inc death,2020-08-22,46,quantile,0.05,5
2020-08-10,2 wk ahead inc death,2020-08-22,46,quantile,0.1,6
2020-08-10,2 wk ahead inc death,2020-08-22,46,quantile,0.15,7
2020-08-10,2 wk ahead inc death,2020-08-22,46,quantile,0.2,7
2020-08-10,2 wk ahead inc death,2020-08-22,46,quantile,0.25,8
2020-08-10,2 wk ahead inc death,2020-08-22,46,quantile,0.3,9
2020-08-10,2 wk ahead inc death,2020-08-22,46,quantile,0.35,9
2020-08-10,2 wk ahead inc death,2020-08-22,46,quantile,0.4,10
2020-08-10,2 wk ahead inc death,2020-08-22,46,quantile,0.45,10
2020-08-10,2 wk ahead inc death,2020-08-22,46,quantile,0.5,11
2020-08-10,2 wk ahead inc death,2020-08-22,46,quantile,0.55,12
2020-08-10,2 wk ahead inc death,2020-08-22,46,quantile,0.6,13
2020-08-10,2 wk ahead inc death,2020-08-22,46,quantile,0.65,14
2020-08-10,2 wk ahead inc death,2020-08-22,46,quantile,0.7,15
2020-08-10,2 wk ahead inc death,2020-08-22,46,quantile,0.75,15
2020-08-10,2 wk ahead inc death,2020-08-22,46,quantile,0.8,16
2020-08-10,2 wk ahead inc death,2020-08-22,46,quantile,0.85,18
2020-08-10,2 wk ahead inc death,2020-08-22,46,quantile,0.9,20
2020-08-10,2 wk ahead inc death,2020-08-22,46,quantile,0.95,23
2020-08-10,2 wk ahead inc death,2020-08-22,46,quantile,0.975,26
2020-08-10,2 wk ahead inc death,2020-08-22,46,quantile,0.99,29
2020-08-10,2 wk ahead inc death,2020-08-22,47,quantile,0.01,65
2020-08-10,2 wk ahead inc death,2020-08-22,47,quantile,0.025,71
2020-08-10,2 wk ahead inc death,2020-08-22,47,quantile,0.05,79
2020-08-10,2 wk ahead inc death,2020-08-22,47,quantile,0.1,88
2020-08-10,2 wk ahead inc death,2020-08-22,47,quantile,0.15,94
2020-08-10,2 wk ahead inc death,2020-08-22,47,quantile,0.2,101
2020-08-10,2 wk ahead inc death,2020-08-22,47,quantile,0.25,107
2020-08-10,2 wk ahead inc death,2020-08-22,47,quantile,0.3,112
2020-08-10,2 wk ahead inc death,2020-08-22,47,quantile,0.35,118
2020-08-10,2 wk ahead inc death,2020-08-22,47,quantile,0.4,126
2020-08-10,2 wk ahead inc death,2020-08-22,47,quantile,0.45,132
2020-08-10,2 wk ahead inc death,2020-08-22,47,quantile,0.5,138
2020-08-10,2 wk ahead inc death,2020-08-22,47,quantile,0.55,144
2020-08-10,2 wk ahead inc death,2020-08-22,47,quantile,0.6,150
2020-08-10,2 wk ahead inc death,2020-08-22,47,quantile,0.65,156
2020-08-10,2 wk ahead inc death,2020-08-22,47,quantile,0.7,163
2020-08-10,2 wk ahead inc death,2020-08-22,47,quantile,0.75,170
2020-08-10,2 wk ahead inc death,2020-08-22,47,quantile,0.8,178
2020-08-10,2 wk ahead inc death,2020-08-22,47,quantile,0.85,190
2020-08-10,2 wk ahead inc death,2020-08-22,47,quantile,0.9,204
2020-08-10,2 wk ahead inc death,2020-08-22,47,quantile,0.95,225
2020-08-10,2 wk ahead inc death,2020-08-22,47,quantile,0.975,243
2020-08-10,2 wk ahead inc death,2020-08-22,47,quantile,0.99,273
2020-08-10,2 wk ahead inc death,2020-08-22,48,quantile,0.01,729
2020-08-10,2 wk ahead inc death,2020-08-22,48,quantile,0.025,783
2020-08-10,2 wk ahead inc death,2020-08-22,48,quantile,0.05,845
2020-08-10,2 wk ahead inc death,2020-08-22,48,quantile,0.1,917
2020-08-10,2 wk ahead inc death,2020-08-22,48,quantile,0.15,965
2020-08-10,2 wk ahead inc death,2020-08-22,48,quantile,0.2,1019
2020-08-10,2 wk ahead inc death,2020-08-22,48,quantile,0.25,1059
2020-08-10,2 wk ahead inc death,2020-08-22,48,quantile,0.3,1099
2020-08-10,2 wk ahead inc death,2020-08-22,48,quantile,0.35,1139
2020-08-10,2 wk ahead inc death,2020-08-22,48,quantile,0.4,1189
2020-08-10,2 wk ahead inc death,2020-08-22,48,quantile,0.45,1241
2020-08-10,2 wk ahead inc death,2020-08-22,48,quantile,0.5,1289
2020-08-10,2 wk ahead inc death,2020-08-22,48,quantile,0.55,1326
2020-08-10,2 wk ahead inc death,2020-08-22,48,quantile,0.6,1363
2020-08-10,2 wk ahead inc death,2020-08-22,48,quantile,0.65,1407
2020-08-10,2 wk ahead inc death,2020-08-22,48,quantile,0.7,1453
2020-08-10,2 wk ahead inc death,2020-08-22,48,quantile,0.75,1499
2020-08-10,2 wk ahead inc death,2020-08-22,48,quantile,0.8,1562
2020-08-10,2 wk ahead inc death,2020-08-22,48,quantile,0.85,1642
2020-08-10,2 wk ahead inc death,2020-08-22,48,quantile,0.9,1729
2020-08-10,2 wk ahead inc death,2020-08-22,48,quantile,0.95,1882
2020-08-10,2 wk ahead inc death,2020-08-22,48,quantile,0.975,2022
2020-08-10,2 wk ahead inc death,2020-08-22,48,quantile,0.99,2185
2020-08-10,2 wk ahead inc death,2020-08-22,49,quantile,0.01,10
2020-08-10,2 wk ahead inc death,2020-08-22,49,quantile,0.025,11
2020-08-10,2 wk ahead inc death,2020-08-22,49,quantile,0.05,13
2020-08-10,2 wk ahead inc death,2020-08-22,49,quantile,0.1,15
2020-08-10,2 wk ahead inc death,2020-08-22,49,quantile,0.15,16
2020-08-10,2 wk ahead inc death,2020-08-22,49,quantile,0.2,17
2020-08-10,2 wk ahead inc death,2020-08-22,49,quantile,0.25,19
2020-08-10,2 wk ahead inc death,2020-08-22,49,quantile,0.3,20
2020-08-10,2 wk ahead inc death,2020-08-22,49,quantile,0.35,21
2020-08-10,2 wk ahead inc death,2020-08-22,49,quantile,0.4,22
2020-08-10,2 wk ahead inc death,2020-08-22,49,quantile,0.45,23
2020-08-10,2 wk ahead inc death,2020-08-22,49,quantile,0.5,25
2020-08-10,2 wk ahead inc death,2020-08-22,49,quantile,0.55,26
2020-08-10,2 wk ahead inc death,2020-08-22,49,quantile,0.6,28
2020-08-10,2 wk ahead inc death,2020-08-22,49,quantile,0.65,29
2020-08-10,2 wk ahead inc death,2020-08-22,49,quantile,0.7,30
2020-08-10,2 wk ahead inc death,2020-08-22,49,quantile,0.75,32
2020-08-10,2 wk ahead inc death,2020-08-22,49,quantile,0.8,33
2020-08-10,2 wk ahead inc death,2020-08-22,49,quantile,0.85,36
2020-08-10,2 wk ahead inc death,2020-08-22,49,quantile,0.9,39
2020-08-10,2 wk ahead inc death,2020-08-22,49,quantile,0.95,43
2020-08-10,2 wk ahead inc death,2020-08-22,49,quantile,0.975,46
2020-08-10,2 wk ahead inc death,2020-08-22,49,quantile,0.99,51
2020-08-10,2 wk ahead inc death,2020-08-22,50,quantile,0.01,0
2020-08-10,2 wk ahead inc death,2020-08-22,50,quantile,0.025,0
2020-08-10,2 wk ahead inc death,2020-08-22,50,quantile,0.05,0
2020-08-10,2 wk ahead inc death,2020-08-22,50,quantile,0.1,0
2020-08-10,2 wk ahead inc death,2020-08-22,50,quantile,0.15,0
2020-08-10,2 wk ahead inc death,2020-08-22,50,quantile,0.2,0
2020-08-10,2 wk ahead inc death,2020-08-22,50,quantile,0.25,0
2020-08-10,2 wk ahead inc death,2020-08-22,50,quantile,0.3,0
2020-08-10,2 wk ahead inc death,2020-08-22,50,quantile,0.35,0
2020-08-10,2 wk ahead inc death,2020-08-22,50,quantile,0.4,0
2020-08-10,2 wk ahead inc death,2020-08-22,50,quantile,0.45,0
2020-08-10,2 wk ahead inc death,2020-08-22,50,quantile,0.5,0
2020-08-10,2 wk ahead inc death,2020-08-22,50,quantile,0.55,1
2020-08-10,2 wk ahead inc death,2020-08-22,50,quantile,0.6,1
2020-08-10,2 wk ahead inc death,2020-08-22,50,quantile,0.65,1
2020-08-10,2 wk ahead inc death,2020-08-22,50,quantile,0.7,1
2020-08-10,2 wk ahead inc death,2020-08-22,50,quantile,0.75,2
2020-08-10,2 wk ahead inc death,2020-08-22,50,quantile,0.8,2
2020-08-10,2 wk ahead inc death,2020-08-22,50,quantile,0.85,2
2020-08-10,2 wk ahead inc death,2020-08-22,50,quantile,0.9,2
2020-08-10,2 wk ahead inc death,2020-08-22,50,quantile,0.95,3
2020-08-10,2 wk ahead inc death,2020-08-22,50,quantile,0.975,3
2020-08-10,2 wk ahead inc death,2020-08-22,50,quantile,0.99,4
2020-08-10,2 wk ahead inc death,2020-08-22,51,quantile,0.01,48
2020-08-10,2 wk ahead inc death,2020-08-22,51,quantile,0.025,55
2020-08-10,2 wk ahead inc death,2020-08-22,51,quantile,0.05,62
2020-08-10,2 wk ahead inc death,2020-08-22,51,quantile,0.1,72
2020-08-10,2 wk ahead inc death,2020-08-22,51,quantile,0.15,80
2020-08-10,2 wk ahead inc death,2020-08-22,51,quantile,0.2,87
2020-08-10,2 wk ahead inc death,2020-08-22,51,quantile,0.25,94
2020-08-10,2 wk ahead inc death,2020-08-22,51,quantile,0.3,101
2020-08-10,2 wk ahead inc death,2020-08-22,51,quantile,0.35,109
2020-08-10,2 wk ahead inc death,2020-08-22,51,quantile,0.4,117
2020-08-10,2 wk ahead inc death,2020-08-22,51,quantile,0.45,124
2020-08-10,2 wk ahead inc death,2020-08-22,51,quantile,0.5,132
2020-08-10,2 wk ahead inc death,2020-08-22,51,quantile,0.55,139
2020-08-10,2 wk ahead inc death,2020-08-22,51,quantile,0.6,146
2020-08-10,2 wk ahead inc death,2020-08-22,51,quantile,0.65,153
2020-08-10,2 wk ahead inc death,2020-08-22,51,quantile,0.7,162
2020-08-10,2 wk ahead inc death,2020-08-22,51,quantile,0.75,172
2020-08-10,2 wk ahead inc death,2020-08-22,51,quantile,0.8,183
2020-08-10,2 wk ahead inc death,2020-08-22,51,quantile,0.85,198
2020-08-10,2 wk ahead inc death,2020-08-22,51,quantile,0.9,215
2020-08-10,2 wk ahead inc death,2020-08-22,51,quantile,0.95,244
2020-08-10,2 wk ahead inc death,2020-08-22,51,quantile,0.975,272
2020-08-10,2 wk ahead inc death,2020-08-22,51,quantile,0.99,309
2020-08-10,2 wk ahead inc death,2020-08-22,53,quantile,0.01,40
2020-08-10,2 wk ahead inc death,2020-08-22,53,quantile,0.025,46
2020-08-10,2 wk ahead inc death,2020-08-22,53,quantile,0.05,50
2020-08-10,2 wk ahead inc death,2020-08-22,53,quantile,0.1,55
2020-08-10,2 wk ahead inc death,2020-08-22,53,quantile,0.15,60
2020-08-10,2 wk ahead inc death,2020-08-22,53,quantile,0.2,64
2020-08-10,2 wk ahead inc death,2020-08-22,53,quantile,0.25,67
2020-08-10,2 wk ahead inc death,2020-08-22,53,quantile,0.3,70
2020-08-10,2 wk ahead inc death,2020-08-22,53,quantile,0.35,74
2020-08-10,2 wk ahead inc death,2020-08-22,53,quantile,0.4,76
2020-08-10,2 wk ahead inc death,2020-08-22,53,quantile,0.45,79
2020-08-10,2 wk ahead inc death,2020-08-22,53,quantile,0.5,84
2020-08-10,2 wk ahead inc death,2020-08-22,53,quantile,0.55,87
2020-08-10,2 wk ahead inc death,2020-08-22,53,quantile,0.6,91
2020-08-10,2 wk ahead inc death,2020-08-22,53,quantile,0.65,95
2020-08-10,2 wk ahead inc death,2020-08-22,53,quantile,0.7,100
2020-08-10,2 wk ahead inc death,2020-08-22,53,quantile,0.75,105
2020-08-10,2 wk ahead inc death,2020-08-22,53,quantile,0.8,111
2020-08-10,2 wk ahead inc death,2020-08-22,53,quantile,0.85,117
2020-08-10,2 wk ahead inc death,2020-08-22,53,quantile,0.9,128
2020-08-10,2 wk ahead inc death,2020-08-22,53,quantile,0.95,142
2020-08-10,2 wk ahead inc death,2020-08-22,53,quantile,0.975,155
2020-08-10,2 wk ahead inc death,2020-08-22,53,quantile,0.99,171
2020-08-10,2 wk ahead inc death,2020-08-22,54,quantile,0.01,6
2020-08-10,2 wk ahead inc death,2020-08-22,54,quantile,0.025,7
2020-08-10,2 wk ahead inc death,2020-08-22,54,quantile,0.05,8
2020-08-10,2 wk ahead inc death,2020-08-22,54,quantile,0.1,10
2020-08-10,2 wk ahead inc death,2020-08-22,54,quantile,0.15,11
2020-08-10,2 wk ahead inc death,2020-08-22,54,quantile,0.2,12
2020-08-10,2 wk ahead inc death,2020-08-22,54,quantile,0.25,13
2020-08-10,2 wk ahead inc death,2020-08-22,54,quantile,0.3,14
2020-08-10,2 wk ahead inc death,2020-08-22,54,quantile,0.35,15
2020-08-10,2 wk ahead inc death,2020-08-22,54,quantile,0.4,16
2020-08-10,2 wk ahead inc death,2020-08-22,54,quantile,0.45,17
2020-08-10,2 wk ahead inc death,2020-08-22,54,quantile,0.5,19
2020-08-10,2 wk ahead inc death,2020-08-22,54,quantile,0.55,21
2020-08-10,2 wk ahead inc death,2020-08-22,54,quantile,0.6,22
2020-08-10,2 wk ahead inc death,2020-08-22,54,quantile,0.65,24
2020-08-10,2 wk ahead inc death,2020-08-22,54,quantile,0.7,26
2020-08-10,2 wk ahead inc death,2020-08-22,54,quantile,0.75,28
2020-08-10,2 wk ahead inc death,2020-08-22,54,quantile,0.8,30
2020-08-10,2 wk ahead inc death,2020-08-22,54,quantile,0.85,33
2020-08-10,2 wk ahead inc death,2020-08-22,54,quantile,0.9,38
2020-08-10,2 wk ahead inc death,2020-08-22,54,quantile,0.95,45
2020-08-10,2 wk ahead inc death,2020-08-22,54,quantile,0.975,51
2020-08-10,2 wk ahead inc death,2020-08-22,54,quantile,0.99,62
2020-08-10,2 wk ahead inc death,2020-08-22,55,quantile,0.01,25
2020-08-10,2 wk ahead inc death,2020-08-22,55,quantile,0.025,28
2020-08-10,2 wk ahead inc death,2020-08-22,55,quantile,0.05,32
2020-08-10,2 wk ahead inc death,2020-08-22,55,quantile,0.1,37
2020-08-10,2 wk ahead inc death,2020-08-22,55,quantile,0.15,40
2020-08-10,2 wk ahead inc death,2020-08-22,55,quantile,0.2,42
2020-08-10,2 wk ahead inc death,2020-08-22,55,quantile,0.25,45
2020-08-10,2 wk ahead inc death,2020-08-22,55,quantile,0.3,48
2020-08-10,2 wk ahead inc death,2020-08-22,55,quantile,0.35,50
2020-08-10,2 wk ahead inc death,2020-08-22,55,quantile,0.4,54
2020-08-10,2 wk ahead inc death,2020-08-22,55,quantile,0.45,57
2020-08-10,2 wk ahead inc death,2020-08-22,55,quantile,0.5,60
2020-08-10,2 wk ahead inc death,2020-08-22,55,quantile,0.55,63
2020-08-10,2 wk ahead inc death,2020-08-22,55,quantile,0.6,65
2020-08-10,2 wk ahead inc death,2020-08-22,55,quantile,0.65,68
2020-08-10,2 wk ahead inc death,2020-08-22,55,quantile,0.7,72
2020-08-10,2 wk ahead inc death,2020-08-22,55,quantile,0.75,75
2020-08-10,2 wk ahead inc death,2020-08-22,55,quantile,0.8,79
2020-08-10,2 wk ahead inc death,2020-08-22,55,quantile,0.85,84
2020-08-10,2 wk ahead inc death,2020-08-22,55,quantile,0.9,91
2020-08-10,2 wk ahead inc death,2020-08-22,55,quantile,0.95,103
2020-08-10,2 wk ahead inc death,2020-08-22,55,quantile,0.975,113
2020-08-10,2 wk ahead inc death,2020-08-22,55,quantile,0.99,126
2020-08-10,2 wk ahead inc death,2020-08-22,56,quantile,0.01,0
2020-08-10,2 wk ahead inc death,2020-08-22,56,quantile,0.025,0
2020-08-10,2 wk ahead inc death,2020-08-22,56,quantile,0.05,0
2020-08-10,2 wk ahead inc death,2020-08-22,56,quantile,0.1,0
2020-08-10,2 wk ahead inc death,2020-08-22,56,quantile,0.15,0
2020-08-10,2 wk ahead inc death,2020-08-22,56,quantile,0.2,0
2020-08-10,2 wk ahead inc death,2020-08-22,56,quantile,0.25,0
2020-08-10,2 wk ahead inc death,2020-08-22,56,quantile,0.3,1
2020-08-10,2 wk ahead inc death,2020-08-22,56,quantile,0.35,1
2020-08-10,2 wk ahead inc death,2020-08-22,56,quantile,0.4,1
2020-08-10,2 wk ahead inc death,2020-08-22,56,quantile,0.45,1
2020-08-10,2 wk ahead inc death,2020-08-22,56,quantile,0.5,1
2020-08-10,2 wk ahead inc death,2020-08-22,56,quantile,0.55,2
2020-08-10,2 wk ahead inc death,2020-08-22,56,quantile,0.6,2
2020-08-10,2 wk ahead inc death,2020-08-22,56,quantile,0.65,2
2020-08-10,2 wk ahead inc death,2020-08-22,56,quantile,0.7,3
2020-08-10,2 wk ahead inc death,2020-08-22,56,quantile,0.75,3
2020-08-10,2 wk ahead inc death,2020-08-22,56,quantile,0.8,3
2020-08-10,2 wk ahead inc death,2020-08-22,56,quantile,0.85,3
2020-08-10,2 wk ahead inc death,2020-08-22,56,quantile,0.9,4
2020-08-10,2 wk ahead inc death,2020-08-22,56,quantile,0.95,5
2020-08-10,2 wk ahead inc death,2020-08-22,56,quantile,0.975,5
2020-08-10,2 wk ahead inc death,2020-08-22,56,quantile,0.99,6
2020-08-10,2 wk ahead inc death,2020-08-22,72,quantile,0.01,18
2020-08-10,2 wk ahead inc death,2020-08-22,72,quantile,0.025,21
2020-08-10,2 wk ahead inc death,2020-08-22,72,quantile,0.05,25
2020-08-10,2 wk ahead inc death,2020-08-22,72,quantile,0.1,30
2020-08-10,2 wk ahead inc death,2020-08-22,72,quantile,0.15,33
2020-08-10,2 wk ahead inc death,2020-08-22,72,quantile,0.2,37
2020-08-10,2 wk ahead inc death,2020-08-22,72,quantile,0.25,41
2020-08-10,2 wk ahead inc death,2020-08-22,72,quantile,0.3,44
2020-08-10,2 wk ahead inc death,2020-08-22,72,quantile,0.35,47
2020-08-10,2 wk ahead inc death,2020-08-22,72,quantile,0.4,50
2020-08-10,2 wk ahead inc death,2020-08-22,72,quantile,0.45,53
2020-08-10,2 wk ahead inc death,2020-08-22,72,quantile,0.5,57
2020-08-10,2 wk ahead inc death,2020-08-22,72,quantile,0.55,61
2020-08-10,2 wk ahead inc death,2020-08-22,72,quantile,0.6,64
2020-08-10,2 wk ahead inc death,2020-08-22,72,quantile,0.65,70
2020-08-10,2 wk ahead inc death,2020-08-22,72,quantile,0.7,75
2020-08-10,2 wk ahead inc death,2020-08-22,72,quantile,0.75,79
2020-08-10,2 wk ahead inc death,2020-08-22,72,quantile,0.8,85
2020-08-10,2 wk ahead inc death,2020-08-22,72,quantile,0.85,93
2020-08-10,2 wk ahead inc death,2020-08-22,72,quantile,0.9,101
2020-08-10,2 wk ahead inc death,2020-08-22,72,quantile,0.95,120
2020-08-10,2 wk ahead inc death,2020-08-22,72,quantile,0.975,137
2020-08-10,2 wk ahead inc death,2020-08-22,72,quantile,0.99,159
2020-08-10,2 wk ahead inc death,2020-08-22,60,quantile,0.01,0
2020-08-10,2 wk ahead inc death,2020-08-22,60,quantile,0.025,0
2020-08-10,2 wk ahead inc death,2020-08-22,60,quantile,0.05,0
2020-08-10,2 wk ahead inc death,2020-08-22,60,quantile,0.1,0
2020-08-10,2 wk ahead inc death,2020-08-22,60,quantile,0.15,0
2020-08-10,2 wk ahead inc death,2020-08-22,60,quantile,0.2,0
2020-08-10,2 wk ahead inc death,2020-08-22,60,quantile,0.25,0
2020-08-10,2 wk ahead inc death,2020-08-22,60,quantile,0.3,0
2020-08-10,2 wk ahead inc death,2020-08-22,60,quantile,0.35,0
2020-08-10,2 wk ahead inc death,2020-08-22,60,quantile,0.4,0
2020-08-10,2 wk ahead inc death,2020-08-22,60,quantile,0.45,0
2020-08-10,2 wk ahead inc death,2020-08-22,60,quantile,0.5,0
2020-08-10,2 wk ahead inc death,2020-08-22,60,quantile,0.55,0
2020-08-10,2 wk ahead inc death,2020-08-22,60,quantile,0.6,0
2020-08-10,2 wk ahead inc death,2020-08-22,60,quantile,0.65,0
2020-08-10,2 wk ahead inc death,2020-08-22,60,quantile,0.7,0
2020-08-10,2 wk ahead inc death,2020-08-22,60,quantile,0.75,0
2020-08-10,2 wk ahead inc death,2020-08-22,60,quantile,0.8,0
2020-08-10,2 wk ahead inc death,2020-08-22,60,quantile,0.85,0
2020-08-10,2 wk ahead inc death,2020-08-22,60,quantile,0.9,0
2020-08-10,2 wk ahead inc death,2020-08-22,60,quantile,0.95,0
2020-08-10,2 wk ahead inc death,2020-08-22,60,quantile,0.975,0
2020-08-10,2 wk ahead inc death,2020-08-22,60,quantile,0.99,0
2020-08-10,2 wk ahead inc death,2020-08-22,66,quantile,0.01,0
2020-08-10,2 wk ahead inc death,2020-08-22,66,quantile,0.025,0
2020-08-10,2 wk ahead inc death,2020-08-22,66,quantile,0.05,0
2020-08-10,2 wk ahead inc death,2020-08-22,66,quantile,0.1,0
2020-08-10,2 wk ahead inc death,2020-08-22,66,quantile,0.15,0
2020-08-10,2 wk ahead inc death,2020-08-22,66,quantile,0.2,0
2020-08-10,2 wk ahead inc death,2020-08-22,66,quantile,0.25,0
2020-08-10,2 wk ahead inc death,2020-08-22,66,quantile,0.3,0
2020-08-10,2 wk ahead inc death,2020-08-22,66,quantile,0.35,0
2020-08-10,2 wk ahead inc death,2020-08-22,66,quantile,0.4,0
2020-08-10,2 wk ahead inc death,2020-08-22,66,quantile,0.45,0
2020-08-10,2 wk ahead inc death,2020-08-22,66,quantile,0.5,0
2020-08-10,2 wk ahead inc death,2020-08-22,66,quantile,0.55,1
2020-08-10,2 wk ahead inc death,2020-08-22,66,quantile,0.6,1
2020-08-10,2 wk ahead inc death,2020-08-22,66,quantile,0.65,1
2020-08-10,2 wk ahead inc death,2020-08-22,66,quantile,0.7,1
2020-08-10,2 wk ahead inc death,2020-08-22,66,quantile,0.75,1
2020-08-10,2 wk ahead inc death,2020-08-22,66,quantile,0.8,1
2020-08-10,2 wk ahead inc death,2020-08-22,66,quantile,0.85,1
2020-08-10,2 wk ahead inc death,2020-08-22,66,quantile,0.9,1
2020-08-10,2 wk ahead inc death,2020-08-22,66,quantile,0.95,2
2020-08-10,2 wk ahead inc death,2020-08-22,66,quantile,0.975,2
2020-08-10,2 wk ahead inc death,2020-08-22,66,quantile,0.99,3
2020-08-10,2 wk ahead inc death,2020-08-22,69,quantile,0.01,0
2020-08-10,2 wk ahead inc death,2020-08-22,69,quantile,0.025,0
2020-08-10,2 wk ahead inc death,2020-08-22,69,quantile,0.05,0
2020-08-10,2 wk ahead inc death,2020-08-22,69,quantile,0.1,0
2020-08-10,2 wk ahead inc death,2020-08-22,69,quantile,0.15,0
2020-08-10,2 wk ahead inc death,2020-08-22,69,quantile,0.2,0
2020-08-10,2 wk ahead inc death,2020-08-22,69,quantile,0.25,0
2020-08-10,2 wk ahead inc death,2020-08-22,69,quantile,0.3,0
2020-08-10,2 wk ahead inc death,2020-08-22,69,quantile,0.35,0
2020-08-10,2 wk ahead inc death,2020-08-22,69,quantile,0.4,0
2020-08-10,2 wk ahead inc death,2020-08-22,69,quantile,0.45,0
2020-08-10,2 wk ahead inc death,2020-08-22,69,quantile,0.5,0
2020-08-10,2 wk ahead inc death,2020-08-22,69,quantile,0.55,1
2020-08-10,2 wk ahead inc death,2020-08-22,69,quantile,0.6,1
2020-08-10,2 wk ahead inc death,2020-08-22,69,quantile,0.65,1
2020-08-10,2 wk ahead inc death,2020-08-22,69,quantile,0.7,1
2020-08-10,2 wk ahead inc death,2020-08-22,69,quantile,0.75,1
2020-08-10,2 wk ahead inc death,2020-08-22,69,quantile,0.8,1
2020-08-10,2 wk ahead inc death,2020-08-22,69,quantile,0.85,1
2020-08-10,2 wk ahead inc death,2020-08-22,69,quantile,0.9,1
2020-08-10,2 wk ahead inc death,2020-08-22,69,quantile,0.95,1
2020-08-10,2 wk ahead inc death,2020-08-22,69,quantile,0.975,1
2020-08-10,2 wk ahead inc death,2020-08-22,69,quantile,0.99,1
2020-08-10,2 wk ahead inc death,2020-08-22,78,quantile,0.01,0
2020-08-10,2 wk ahead inc death,2020-08-22,78,quantile,0.025,0
2020-08-10,2 wk ahead inc death,2020-08-22,78,quantile,0.05,0
2020-08-10,2 wk ahead inc death,2020-08-22,78,quantile,0.1,0
2020-08-10,2 wk ahead inc death,2020-08-22,78,quantile,0.15,0
2020-08-10,2 wk ahead inc death,2020-08-22,78,quantile,0.2,0
2020-08-10,2 wk ahead inc death,2020-08-22,78,quantile,0.25,0
2020-08-10,2 wk ahead inc death,2020-08-22,78,quantile,0.3,0
2020-08-10,2 wk ahead inc death,2020-08-22,78,quantile,0.35,0
2020-08-10,2 wk ahead inc death,2020-08-22,78,quantile,0.4,0
2020-08-10,2 wk ahead inc death,2020-08-22,78,quantile,0.45,0
2020-08-10,2 wk ahead inc death,2020-08-22,78,quantile,0.5,1
2020-08-10,2 wk ahead inc death,2020-08-22,78,quantile,0.55,2
2020-08-10,2 wk ahead inc death,2020-08-22,78,quantile,0.6,2
2020-08-10,2 wk ahead inc death,2020-08-22,78,quantile,0.65,2
2020-08-10,2 wk ahead inc death,2020-08-22,78,quantile,0.7,3
2020-08-10,2 wk ahead inc death,2020-08-22,78,quantile,0.75,3
2020-08-10,2 wk ahead inc death,2020-08-22,78,quantile,0.8,3
2020-08-10,2 wk ahead inc death,2020-08-22,78,quantile,0.85,3
2020-08-10,2 wk ahead inc death,2020-08-22,78,quantile,0.9,4
2020-08-10,2 wk ahead inc death,2020-08-22,78,quantile,0.95,5
2020-08-10,2 wk ahead inc death,2020-08-22,78,quantile,0.975,7
2020-08-10,2 wk ahead inc death,2020-08-22,78,quantile,0.99,10
2020-08-10,3 wk ahead inc death,2020-08-29,11,quantile,0.01,2
2020-08-10,3 wk ahead inc death,2020-08-29,11,quantile,0.025,2
2020-08-10,3 wk ahead inc death,2020-08-29,11,quantile,0.05,3
2020-08-10,3 wk ahead inc death,2020-08-29,11,quantile,0.1,3
2020-08-10,3 wk ahead inc death,2020-08-29,11,quantile,0.15,4
2020-08-10,3 wk ahead inc death,2020-08-29,11,quantile,0.2,4
2020-08-10,3 wk ahead inc death,2020-08-29,11,quantile,0.25,5
2020-08-10,3 wk ahead inc death,2020-08-29,11,quantile,0.3,5
2020-08-10,3 wk ahead inc death,2020-08-29,11,quantile,0.35,6
2020-08-10,3 wk ahead inc death,2020-08-29,11,quantile,0.4,6
2020-08-10,3 wk ahead inc death,2020-08-29,11,quantile,0.45,7
2020-08-10,3 wk ahead inc death,2020-08-29,11,quantile,0.5,8
2020-08-10,3 wk ahead inc death,2020-08-29,11,quantile,0.55,9
2020-08-10,3 wk ahead inc death,2020-08-29,11,quantile,0.6,10
2020-08-10,3 wk ahead inc death,2020-08-29,11,quantile,0.65,10
2020-08-10,3 wk ahead inc death,2020-08-29,11,quantile,0.7,11
2020-08-10,3 wk ahead inc death,2020-08-29,11,quantile,0.75,12
2020-08-10,3 wk ahead inc death,2020-08-29,11,quantile,0.8,13
2020-08-10,3 wk ahead inc death,2020-08-29,11,quantile,0.85,14
2020-08-10,3 wk ahead inc death,2020-08-29,11,quantile,0.9,15
2020-08-10,3 wk ahead inc death,2020-08-29,11,quantile,0.95,18
2020-08-10,3 wk ahead inc death,2020-08-29,11,quantile,0.975,21
2020-08-10,3 wk ahead inc death,2020-08-29,11,quantile,0.99,24
2020-08-10,3 wk ahead inc death,2020-08-29,01,quantile,0.01,65
2020-08-10,3 wk ahead inc death,2020-08-29,01,quantile,0.025,72
2020-08-10,3 wk ahead inc death,2020-08-29,01,quantile,0.05,80
2020-08-10,3 wk ahead inc death,2020-08-29,01,quantile,0.1,90
2020-08-10,3 wk ahead inc death,2020-08-29,01,quantile,0.15,98
2020-08-10,3 wk ahead inc death,2020-08-29,01,quantile,0.2,105
2020-08-10,3 wk ahead inc death,2020-08-29,01,quantile,0.25,112
2020-08-10,3 wk ahead inc death,2020-08-29,01,quantile,0.3,119
2020-08-10,3 wk ahead inc death,2020-08-29,01,quantile,0.35,125
2020-08-10,3 wk ahead inc death,2020-08-29,01,quantile,0.4,132
2020-08-10,3 wk ahead inc death,2020-08-29,01,quantile,0.45,139
2020-08-10,3 wk ahead inc death,2020-08-29,01,quantile,0.5,147
2020-08-10,3 wk ahead inc death,2020-08-29,01,quantile,0.55,154
2020-08-10,3 wk ahead inc death,2020-08-29,01,quantile,0.6,161
2020-08-10,3 wk ahead inc death,2020-08-29,01,quantile,0.65,169
2020-08-10,3 wk ahead inc death,2020-08-29,01,quantile,0.7,177
2020-08-10,3 wk ahead inc death,2020-08-29,01,quantile,0.75,187
2020-08-10,3 wk ahead inc death,2020-08-29,01,quantile,0.8,199
2020-08-10,3 wk ahead inc death,2020-08-29,01,quantile,0.85,214
2020-08-10,3 wk ahead inc death,2020-08-29,01,quantile,0.9,236
2020-08-10,3 wk ahead inc death,2020-08-29,01,quantile,0.95,268
2020-08-10,3 wk ahead inc death,2020-08-29,01,quantile,0.975,299
2020-08-10,3 wk ahead inc death,2020-08-29,01,quantile,0.99,346
2020-08-10,3 wk ahead inc death,2020-08-29,02,quantile,0.01,0
2020-08-10,3 wk ahead inc death,2020-08-29,02,quantile,0.025,0
2020-08-10,3 wk ahead inc death,2020-08-29,02,quantile,0.05,0
2020-08-10,3 wk ahead inc death,2020-08-29,02,quantile,0.1,0
2020-08-10,3 wk ahead inc death,2020-08-29,02,quantile,0.15,1
2020-08-10,3 wk ahead inc death,2020-08-29,02,quantile,0.2,1
2020-08-10,3 wk ahead inc death,2020-08-29,02,quantile,0.25,1
2020-08-10,3 wk ahead inc death,2020-08-29,02,quantile,0.3,1
2020-08-10,3 wk ahead inc death,2020-08-29,02,quantile,0.35,1
2020-08-10,3 wk ahead inc death,2020-08-29,02,quantile,0.4,2
2020-08-10,3 wk ahead inc death,2020-08-29,02,quantile,0.45,2
2020-08-10,3 wk ahead inc death,2020-08-29,02,quantile,0.5,3
2020-08-10,3 wk ahead inc death,2020-08-29,02,quantile,0.55,4
2020-08-10,3 wk ahead inc death,2020-08-29,02,quantile,0.6,4
2020-08-10,3 wk ahead inc death,2020-08-29,02,quantile,0.65,4
2020-08-10,3 wk ahead inc death,2020-08-29,02,quantile,0.7,5
2020-08-10,3 wk ahead inc death,2020-08-29,02,quantile,0.75,5
2020-08-10,3 wk ahead inc death,2020-08-29,02,quantile,0.8,6
2020-08-10,3 wk ahead inc death,2020-08-29,02,quantile,0.85,6
2020-08-10,3 wk ahead inc death,2020-08-29,02,quantile,0.9,7
2020-08-10,3 wk ahead inc death,2020-08-29,02,quantile,0.95,8
2020-08-10,3 wk ahead inc death,2020-08-29,02,quantile,0.975,10
2020-08-10,3 wk ahead inc death,2020-08-29,02,quantile,0.99,11
2020-08-10,3 wk ahead inc death,2020-08-29,04,quantile,0.01,99
2020-08-10,3 wk ahead inc death,2020-08-29,04,quantile,0.025,111
2020-08-10,3 wk ahead inc death,2020-08-29,04,quantile,0.05,123
2020-08-10,3 wk ahead inc death,2020-08-29,04,quantile,0.1,137
2020-08-10,3 wk ahead inc death,2020-08-29,04,quantile,0.15,150
2020-08-10,3 wk ahead inc death,2020-08-29,04,quantile,0.2,159
2020-08-10,3 wk ahead inc death,2020-08-29,04,quantile,0.25,167
2020-08-10,3 wk ahead inc death,2020-08-29,04,quantile,0.3,176
2020-08-10,3 wk ahead inc death,2020-08-29,04,quantile,0.35,186
2020-08-10,3 wk ahead inc death,2020-08-29,04,quantile,0.4,197
2020-08-10,3 wk ahead inc death,2020-08-29,04,quantile,0.45,208
2020-08-10,3 wk ahead inc death,2020-08-29,04,quantile,0.5,217
2020-08-10,3 wk ahead inc death,2020-08-29,04,quantile,0.55,228
2020-08-10,3 wk ahead inc death,2020-08-29,04,quantile,0.6,238
2020-08-10,3 wk ahead inc death,2020-08-29,04,quantile,0.65,249
2020-08-10,3 wk ahead inc death,2020-08-29,04,quantile,0.7,260
2020-08-10,3 wk ahead inc death,2020-08-29,04,quantile,0.75,274
2020-08-10,3 wk ahead inc death,2020-08-29,04,quantile,0.8,292
2020-08-10,3 wk ahead inc death,2020-08-29,04,quantile,0.85,313
2020-08-10,3 wk ahead inc death,2020-08-29,04,quantile,0.9,341
2020-08-10,3 wk ahead inc death,2020-08-29,04,quantile,0.95,387
2020-08-10,3 wk ahead inc death,2020-08-29,04,quantile,0.975,430
2020-08-10,3 wk ahead inc death,2020-08-29,04,quantile,0.99,496
2020-08-10,3 wk ahead inc death,2020-08-29,05,quantile,0.01,25
2020-08-10,3 wk ahead inc death,2020-08-29,05,quantile,0.025,29
2020-08-10,3 wk ahead inc death,2020-08-29,05,quantile,0.05,34
2020-08-10,3 wk ahead inc death,2020-08-29,05,quantile,0.1,41
2020-08-10,3 wk ahead inc death,2020-08-29,05,quantile,0.15,46
2020-08-10,3 wk ahead inc death,2020-08-29,05,quantile,0.2,50
2020-08-10,3 wk ahead inc death,2020-08-29,05,quantile,0.25,54
2020-08-10,3 wk ahead inc death,2020-08-29,05,quantile,0.3,58
2020-08-10,3 wk ahead inc death,2020-08-29,05,quantile,0.35,62
2020-08-10,3 wk ahead inc death,2020-08-29,05,quantile,0.4,66
2020-08-10,3 wk ahead inc death,2020-08-29,05,quantile,0.45,72
2020-08-10,3 wk ahead inc death,2020-08-29,05,quantile,0.5,77
2020-08-10,3 wk ahead inc death,2020-08-29,05,quantile,0.55,82
2020-08-10,3 wk ahead inc death,2020-08-29,05,quantile,0.6,87
2020-08-10,3 wk ahead inc death,2020-08-29,05,quantile,0.65,91
2020-08-10,3 wk ahead inc death,2020-08-29,05,quantile,0.7,96
2020-08-10,3 wk ahead inc death,2020-08-29,05,quantile,0.75,101
2020-08-10,3 wk ahead inc death,2020-08-29,05,quantile,0.8,107
2020-08-10,3 wk ahead inc death,2020-08-29,05,quantile,0.85,115
2020-08-10,3 wk ahead inc death,2020-08-29,05,quantile,0.9,126
2020-08-10,3 wk ahead inc death,2020-08-29,05,quantile,0.95,141
2020-08-10,3 wk ahead inc death,2020-08-29,05,quantile,0.975,155
2020-08-10,3 wk ahead inc death,2020-08-29,05,quantile,0.99,178
2020-08-10,3 wk ahead inc death,2020-08-29,06,quantile,0.01,396
2020-08-10,3 wk ahead inc death,2020-08-29,06,quantile,0.025,446
2020-08-10,3 wk ahead inc death,2020-08-29,06,quantile,0.05,485
2020-08-10,3 wk ahead inc death,2020-08-29,06,quantile,0.1,526
2020-08-10,3 wk ahead inc death,2020-08-29,06,quantile,0.15,563
2020-08-10,3 wk ahead inc death,2020-08-29,06,quantile,0.2,606
2020-08-10,3 wk ahead inc death,2020-08-29,06,quantile,0.25,634
2020-08-10,3 wk ahead inc death,2020-08-29,06,quantile,0.3,664
2020-08-10,3 wk ahead inc death,2020-08-29,06,quantile,0.35,691
2020-08-10,3 wk ahead inc death,2020-08-29,06,quantile,0.4,740
2020-08-10,3 wk ahead inc death,2020-08-29,06,quantile,0.45,780
2020-08-10,3 wk ahead inc death,2020-08-29,06,quantile,0.5,816
2020-08-10,3 wk ahead inc death,2020-08-29,06,quantile,0.55,848
2020-08-10,3 wk ahead inc death,2020-08-29,06,quantile,0.6,876
2020-08-10,3 wk ahead inc death,2020-08-29,06,quantile,0.65,913
2020-08-10,3 wk ahead inc death,2020-08-29,06,quantile,0.7,949
2020-08-10,3 wk ahead inc death,2020-08-29,06,quantile,0.75,987
2020-08-10,3 wk ahead inc death,2020-08-29,06,quantile,0.8,1034
2020-08-10,3 wk ahead inc death,2020-08-29,06,quantile,0.85,1094
2020-08-10,3 wk ahead inc death,2020-08-29,06,quantile,0.9,1186
2020-08-10,3 wk ahead inc death,2020-08-29,06,quantile,0.95,1309
2020-08-10,3 wk ahead inc death,2020-08-29,06,quantile,0.975,1426
2020-08-10,3 wk ahead inc death,2020-08-29,06,quantile,0.99,1621
2020-08-10,3 wk ahead inc death,2020-08-29,08,quantile,0.01,13
2020-08-10,3 wk ahead inc death,2020-08-29,08,quantile,0.025,14
2020-08-10,3 wk ahead inc death,2020-08-29,08,quantile,0.05,16
2020-08-10,3 wk ahead inc death,2020-08-29,08,quantile,0.1,19
2020-08-10,3 wk ahead inc death,2020-08-29,08,quantile,0.15,21
2020-08-10,3 wk ahead inc death,2020-08-29,08,quantile,0.2,23
2020-08-10,3 wk ahead inc death,2020-08-29,08,quantile,0.25,25
2020-08-10,3 wk ahead inc death,2020-08-29,08,quantile,0.3,27
2020-08-10,3 wk ahead inc death,2020-08-29,08,quantile,0.35,29
2020-08-10,3 wk ahead inc death,2020-08-29,08,quantile,0.4,32
2020-08-10,3 wk ahead inc death,2020-08-29,08,quantile,0.45,33
2020-08-10,3 wk ahead inc death,2020-08-29,08,quantile,0.5,36
2020-08-10,3 wk ahead inc death,2020-08-29,08,quantile,0.55,38
2020-08-10,3 wk ahead inc death,2020-08-29,08,quantile,0.6,41
2020-08-10,3 wk ahead inc death,2020-08-29,08,quantile,0.65,43
2020-08-10,3 wk ahead inc death,2020-08-29,08,quantile,0.7,46
2020-08-10,3 wk ahead inc death,2020-08-29,08,quantile,0.75,49
2020-08-10,3 wk ahead inc death,2020-08-29,08,quantile,0.8,52
2020-08-10,3 wk ahead inc death,2020-08-29,08,quantile,0.85,57
2020-08-10,3 wk ahead inc death,2020-08-29,08,quantile,0.9,63
2020-08-10,3 wk ahead inc death,2020-08-29,08,quantile,0.95,74
2020-08-10,3 wk ahead inc death,2020-08-29,08,quantile,0.975,85
2020-08-10,3 wk ahead inc death,2020-08-29,08,quantile,0.99,98
2020-08-10,3 wk ahead inc death,2020-08-29,09,quantile,0.01,4
2020-08-10,3 wk ahead inc death,2020-08-29,09,quantile,0.025,4
2020-08-10,3 wk ahead inc death,2020-08-29,09,quantile,0.05,4
2020-08-10,3 wk ahead inc death,2020-08-29,09,quantile,0.1,5
2020-08-10,3 wk ahead inc death,2020-08-29,09,quantile,0.15,5
2020-08-10,3 wk ahead inc death,2020-08-29,09,quantile,0.2,5
2020-08-10,3 wk ahead inc death,2020-08-29,09,quantile,0.25,6
2020-08-10,3 wk ahead inc death,2020-08-29,09,quantile,0.3,6
2020-08-10,3 wk ahead inc death,2020-08-29,09,quantile,0.35,7
2020-08-10,3 wk ahead inc death,2020-08-29,09,quantile,0.4,8
2020-08-10,3 wk ahead inc death,2020-08-29,09,quantile,0.45,9
2020-08-10,3 wk ahead inc death,2020-08-29,09,quantile,0.5,10
2020-08-10,3 wk ahead inc death,2020-08-29,09,quantile,0.55,12
2020-08-10,3 wk ahead inc death,2020-08-29,09,quantile,0.6,13
2020-08-10,3 wk ahead inc death,2020-08-29,09,quantile,0.65,15
2020-08-10,3 wk ahead inc death,2020-08-29,09,quantile,0.7,16
2020-08-10,3 wk ahead inc death,2020-08-29,09,quantile,0.75,17
2020-08-10,3 wk ahead inc death,2020-08-29,09,quantile,0.8,19
2020-08-10,3 wk ahead inc death,2020-08-29,09,quantile,0.85,22
2020-08-10,3 wk ahead inc death,2020-08-29,09,quantile,0.9,25
2020-08-10,3 wk ahead inc death,2020-08-29,09,quantile,0.95,30
2020-08-10,3 wk ahead inc death,2020-08-29,09,quantile,0.975,33
2020-08-10,3 wk ahead inc death,2020-08-29,09,quantile,0.99,39
2020-08-10,3 wk ahead inc death,2020-08-29,10,quantile,0.01,2
2020-08-10,3 wk ahead inc death,2020-08-29,10,quantile,0.025,2
2020-08-10,3 wk ahead inc death,2020-08-29,10,quantile,0.05,2
2020-08-10,3 wk ahead inc death,2020-08-29,10,quantile,0.1,3
2020-08-10,3 wk ahead inc death,2020-08-29,10,quantile,0.15,3
2020-08-10,3 wk ahead inc death,2020-08-29,10,quantile,0.2,4
2020-08-10,3 wk ahead inc death,2020-08-29,10,quantile,0.25,4
2020-08-10,3 wk ahead inc death,2020-08-29,10,quantile,0.3,5
2020-08-10,3 wk ahead inc death,2020-08-29,10,quantile,0.35,6
2020-08-10,3 wk ahead inc death,2020-08-29,10,quantile,0.4,6
2020-08-10,3 wk ahead inc death,2020-08-29,10,quantile,0.45,7
2020-08-10,3 wk ahead inc death,2020-08-29,10,quantile,0.5,8
2020-08-10,3 wk ahead inc death,2020-08-29,10,quantile,0.55,9
2020-08-10,3 wk ahead inc death,2020-08-29,10,quantile,0.6,9
2020-08-10,3 wk ahead inc death,2020-08-29,10,quantile,0.65,11
2020-08-10,3 wk ahead inc death,2020-08-29,10,quantile,0.7,11
2020-08-10,3 wk ahead inc death,2020-08-29,10,quantile,0.75,12
2020-08-10,3 wk ahead inc death,2020-08-29,10,quantile,0.8,14
2020-08-10,3 wk ahead inc death,2020-08-29,10,quantile,0.85,15
2020-08-10,3 wk ahead inc death,2020-08-29,10,quantile,0.9,17
2020-08-10,3 wk ahead inc death,2020-08-29,10,quantile,0.95,20
2020-08-10,3 wk ahead inc death,2020-08-29,10,quantile,0.975,24
2020-08-10,3 wk ahead inc death,2020-08-29,10,quantile,0.99,29
2020-08-10,3 wk ahead inc death,2020-08-29,12,quantile,0.01,444
2020-08-10,3 wk ahead inc death,2020-08-29,12,quantile,0.025,487
2020-08-10,3 wk ahead inc death,2020-08-29,12,quantile,0.05,529
2020-08-10,3 wk ahead inc death,2020-08-29,12,quantile,0.1,591
2020-08-10,3 wk ahead inc death,2020-08-29,12,quantile,0.15,633
2020-08-10,3 wk ahead inc death,2020-08-29,12,quantile,0.2,672
2020-08-10,3 wk ahead inc death,2020-08-29,12,quantile,0.25,706
2020-08-10,3 wk ahead inc death,2020-08-29,12,quantile,0.3,744
2020-08-10,3 wk ahead inc death,2020-08-29,12,quantile,0.35,784
2020-08-10,3 wk ahead inc death,2020-08-29,12,quantile,0.4,833
2020-08-10,3 wk ahead inc death,2020-08-29,12,quantile,0.45,866
2020-08-10,3 wk ahead inc death,2020-08-29,12,quantile,0.5,898
2020-08-10,3 wk ahead inc death,2020-08-29,12,quantile,0.55,933
2020-08-10,3 wk ahead inc death,2020-08-29,12,quantile,0.6,971
2020-08-10,3 wk ahead inc death,2020-08-29,12,quantile,0.65,1012
2020-08-10,3 wk ahead inc death,2020-08-29,12,quantile,0.7,1053
2020-08-10,3 wk ahead inc death,2020-08-29,12,quantile,0.75,1095
2020-08-10,3 wk ahead inc death,2020-08-29,12,quantile,0.8,1153
2020-08-10,3 wk ahead inc death,2020-08-29,12,quantile,0.85,1229
2020-08-10,3 wk ahead inc death,2020-08-29,12,quantile,0.9,1329
2020-08-10,3 wk ahead inc death,2020-08-29,12,quantile,0.95,1490
2020-08-10,3 wk ahead inc death,2020-08-29,12,quantile,0.975,1642
2020-08-10,3 wk ahead inc death,2020-08-29,12,quantile,0.99,1870
2020-08-10,3 wk ahead inc death,2020-08-29,13,quantile,0.01,150
2020-08-10,3 wk ahead inc death,2020-08-29,13,quantile,0.025,168
2020-08-10,3 wk ahead inc death,2020-08-29,13,quantile,0.05,180
2020-08-10,3 wk ahead inc death,2020-08-29,13,quantile,0.1,198
2020-08-10,3 wk ahead inc death,2020-08-29,13,quantile,0.15,214
2020-08-10,3 wk ahead inc death,2020-08-29,13,quantile,0.2,228
2020-08-10,3 wk ahead inc death,2020-08-29,13,quantile,0.25,242
2020-08-10,3 wk ahead inc death,2020-08-29,13,quantile,0.3,257
2020-08-10,3 wk ahead inc death,2020-08-29,13,quantile,0.35,274
2020-08-10,3 wk ahead inc death,2020-08-29,13,quantile,0.4,295
2020-08-10,3 wk ahead inc death,2020-08-29,13,quantile,0.45,315
2020-08-10,3 wk ahead inc death,2020-08-29,13,quantile,0.5,336
2020-08-10,3 wk ahead inc death,2020-08-29,13,quantile,0.55,357
2020-08-10,3 wk ahead inc death,2020-08-29,13,quantile,0.6,381
2020-08-10,3 wk ahead inc death,2020-08-29,13,quantile,0.65,405
2020-08-10,3 wk ahead inc death,2020-08-29,13,quantile,0.7,432
2020-08-10,3 wk ahead inc death,2020-08-29,13,quantile,0.75,465
2020-08-10,3 wk ahead inc death,2020-08-29,13,quantile,0.8,502
2020-08-10,3 wk ahead inc death,2020-08-29,13,quantile,0.85,551
2020-08-10,3 wk ahead inc death,2020-08-29,13,quantile,0.9,613
2020-08-10,3 wk ahead inc death,2020-08-29,13,quantile,0.95,722
2020-08-10,3 wk ahead inc death,2020-08-29,13,quantile,0.975,819
2020-08-10,3 wk ahead inc death,2020-08-29,13,quantile,0.99,936
2020-08-10,3 wk ahead inc death,2020-08-29,15,quantile,0.01,2
2020-08-10,3 wk ahead inc death,2020-08-29,15,quantile,0.025,3
2020-08-10,3 wk ahead inc death,2020-08-29,15,quantile,0.05,4
2020-08-10,3 wk ahead inc death,2020-08-29,15,quantile,0.1,5
2020-08-10,3 wk ahead inc death,2020-08-29,15,quantile,0.15,6
2020-08-10,3 wk ahead inc death,2020-08-29,15,quantile,0.2,7
2020-08-10,3 wk ahead inc death,2020-08-29,15,quantile,0.25,9
2020-08-10,3 wk ahead inc death,2020-08-29,15,quantile,0.3,10
2020-08-10,3 wk ahead inc death,2020-08-29,15,quantile,0.35,12
2020-08-10,3 wk ahead inc death,2020-08-29,15,quantile,0.4,14
2020-08-10,3 wk ahead inc death,2020-08-29,15,quantile,0.45,16
2020-08-10,3 wk ahead inc death,2020-08-29,15,quantile,0.5,18
2020-08-10,3 wk ahead inc death,2020-08-29,15,quantile,0.55,20
2020-08-10,3 wk ahead inc death,2020-08-29,15,quantile,0.6,23
2020-08-10,3 wk ahead inc death,2020-08-29,15,quantile,0.65,25
2020-08-10,3 wk ahead inc death,2020-08-29,15,quantile,0.7,28
2020-08-10,3 wk ahead inc death,2020-08-29,15,quantile,0.75,31
2020-08-10,3 wk ahead inc death,2020-08-29,15,quantile,0.8,35
2020-08-10,3 wk ahead inc death,2020-08-29,15,quantile,0.85,40
2020-08-10,3 wk ahead inc death,2020-08-29,15,quantile,0.9,47
2020-08-10,3 wk ahead inc death,2020-08-29,15,quantile,0.95,58
2020-08-10,3 wk ahead inc death,2020-08-29,15,quantile,0.975,69
2020-08-10,3 wk ahead inc death,2020-08-29,15,quantile,0.99,85
2020-08-10,3 wk ahead inc death,2020-08-29,16,quantile,0.01,16
2020-08-10,3 wk ahead inc death,2020-08-29,16,quantile,0.025,17
2020-08-10,3 wk ahead inc death,2020-08-29,16,quantile,0.05,20
2020-08-10,3 wk ahead inc death,2020-08-29,16,quantile,0.1,23
2020-08-10,3 wk ahead inc death,2020-08-29,16,quantile,0.15,26
2020-08-10,3 wk ahead inc death,2020-08-29,16,quantile,0.2,28
2020-08-10,3 wk ahead inc death,2020-08-29,16,quantile,0.25,30
2020-08-10,3 wk ahead inc death,2020-08-29,16,quantile,0.3,32
2020-08-10,3 wk ahead inc death,2020-08-29,16,quantile,0.35,34
2020-08-10,3 wk ahead inc death,2020-08-29,16,quantile,0.4,37
2020-08-10,3 wk ahead inc death,2020-08-29,16,quantile,0.45,40
2020-08-10,3 wk ahead inc death,2020-08-29,16,quantile,0.5,42
2020-08-10,3 wk ahead inc death,2020-08-29,16,quantile,0.55,45
2020-08-10,3 wk ahead inc death,2020-08-29,16,quantile,0.6,48
2020-08-10,3 wk ahead inc death,2020-08-29,16,quantile,0.65,50
2020-08-10,3 wk ahead inc death,2020-08-29,16,quantile,0.7,53
2020-08-10,3 wk ahead inc death,2020-08-29,16,quantile,0.75,56
2020-08-10,3 wk ahead inc death,2020-08-29,16,quantile,0.8,61
2020-08-10,3 wk ahead inc death,2020-08-29,16,quantile,0.85,67
2020-08-10,3 wk ahead inc death,2020-08-29,16,quantile,0.9,77
2020-08-10,3 wk ahead inc death,2020-08-29,16,quantile,0.95,100
2020-08-10,3 wk ahead inc death,2020-08-29,16,quantile,0.975,132
2020-08-10,3 wk ahead inc death,2020-08-29,16,quantile,0.99,200
2020-08-10,3 wk ahead inc death,2020-08-29,17,quantile,0.01,86
2020-08-10,3 wk ahead inc death,2020-08-29,17,quantile,0.025,96
2020-08-10,3 wk ahead inc death,2020-08-29,17,quantile,0.05,106
2020-08-10,3 wk ahead inc death,2020-08-29,17,quantile,0.1,117
2020-08-10,3 wk ahead inc death,2020-08-29,17,quantile,0.15,129
2020-08-10,3 wk ahead inc death,2020-08-29,17,quantile,0.2,140
2020-08-10,3 wk ahead inc death,2020-08-29,17,quantile,0.25,149
2020-08-10,3 wk ahead inc death,2020-08-29,17,quantile,0.3,157
2020-08-10,3 wk ahead inc death,2020-08-29,17,quantile,0.35,167
2020-08-10,3 wk ahead inc death,2020-08-29,17,quantile,0.4,175
2020-08-10,3 wk ahead inc death,2020-08-29,17,quantile,0.45,186
2020-08-10,3 wk ahead inc death,2020-08-29,17,quantile,0.5,197
2020-08-10,3 wk ahead inc death,2020-08-29,17,quantile,0.55,207
2020-08-10,3 wk ahead inc death,2020-08-29,17,quantile,0.6,217
2020-08-10,3 wk ahead inc death,2020-08-29,17,quantile,0.65,228
2020-08-10,3 wk ahead inc death,2020-08-29,17,quantile,0.7,241
2020-08-10,3 wk ahead inc death,2020-08-29,17,quantile,0.75,251
2020-08-10,3 wk ahead inc death,2020-08-29,17,quantile,0.8,266
2020-08-10,3 wk ahead inc death,2020-08-29,17,quantile,0.85,284
2020-08-10,3 wk ahead inc death,2020-08-29,17,quantile,0.9,308
2020-08-10,3 wk ahead inc death,2020-08-29,17,quantile,0.95,344
2020-08-10,3 wk ahead inc death,2020-08-29,17,quantile,0.975,376
2020-08-10,3 wk ahead inc death,2020-08-29,17,quantile,0.99,417
2020-08-10,3 wk ahead inc death,2020-08-29,18,quantile,0.01,48
2020-08-10,3 wk ahead inc death,2020-08-29,18,quantile,0.025,55
2020-08-10,3 wk ahead inc death,2020-08-29,18,quantile,0.05,61
2020-08-10,3 wk ahead inc death,2020-08-29,18,quantile,0.1,70
2020-08-10,3 wk ahead inc death,2020-08-29,18,quantile,0.15,76
2020-08-10,3 wk ahead inc death,2020-08-29,18,quantile,0.2,82
2020-08-10,3 wk ahead inc death,2020-08-29,18,quantile,0.25,89
2020-08-10,3 wk ahead inc death,2020-08-29,18,quantile,0.3,95
2020-08-10,3 wk ahead inc death,2020-08-29,18,quantile,0.35,100
2020-08-10,3 wk ahead inc death,2020-08-29,18,quantile,0.4,108
2020-08-10,3 wk ahead inc death,2020-08-29,18,quantile,0.45,114
2020-08-10,3 wk ahead inc death,2020-08-29,18,quantile,0.5,121
2020-08-10,3 wk ahead inc death,2020-08-29,18,quantile,0.55,128
2020-08-10,3 wk ahead inc death,2020-08-29,18,quantile,0.6,135
2020-08-10,3 wk ahead inc death,2020-08-29,18,quantile,0.65,142
2020-08-10,3 wk ahead inc death,2020-08-29,18,quantile,0.7,150
2020-08-10,3 wk ahead inc death,2020-08-29,18,quantile,0.75,159
2020-08-10,3 wk ahead inc death,2020-08-29,18,quantile,0.8,170
2020-08-10,3 wk ahead inc death,2020-08-29,18,quantile,0.85,183
2020-08-10,3 wk ahead inc death,2020-08-29,18,quantile,0.9,200
2020-08-10,3 wk ahead inc death,2020-08-29,18,quantile,0.95,225
2020-08-10,3 wk ahead inc death,2020-08-29,18,quantile,0.975,250
2020-08-10,3 wk ahead inc death,2020-08-29,18,quantile,0.99,281
2020-08-10,3 wk ahead inc death,2020-08-29,19,quantile,0.01,17
2020-08-10,3 wk ahead inc death,2020-08-29,19,quantile,0.025,19
2020-08-10,3 wk ahead inc death,2020-08-29,19,quantile,0.05,21
2020-08-10,3 wk ahead inc death,2020-08-29,19,quantile,0.1,24
2020-08-10,3 wk ahead inc death,2020-08-29,19,quantile,0.15,27
2020-08-10,3 wk ahead inc death,2020-08-29,19,quantile,0.2,30
2020-08-10,3 wk ahead inc death,2020-08-29,19,quantile,0.25,33
2020-08-10,3 wk ahead inc death,2020-08-29,19,quantile,0.3,35
2020-08-10,3 wk ahead inc death,2020-08-29,19,quantile,0.35,38
2020-08-10,3 wk ahead inc death,2020-08-29,19,quantile,0.4,40
2020-08-10,3 wk ahead inc death,2020-08-29,19,quantile,0.45,43
2020-08-10,3 wk ahead inc death,2020-08-29,19,quantile,0.5,46
2020-08-10,3 wk ahead inc death,2020-08-29,19,quantile,0.55,50
2020-08-10,3 wk ahead inc death,2020-08-29,19,quantile,0.6,53
2020-08-10,3 wk ahead inc death,2020-08-29,19,quantile,0.65,56
2020-08-10,3 wk ahead inc death,2020-08-29,19,quantile,0.7,60
2020-08-10,3 wk ahead inc death,2020-08-29,19,quantile,0.75,64
2020-08-10,3 wk ahead inc death,2020-08-29,19,quantile,0.8,69
2020-08-10,3 wk ahead inc death,2020-08-29,19,quantile,0.85,74
2020-08-10,3 wk ahead inc death,2020-08-29,19,quantile,0.9,83
2020-08-10,3 wk ahead inc death,2020-08-29,19,quantile,0.95,97
2020-08-10,3 wk ahead inc death,2020-08-29,19,quantile,0.975,111
2020-08-10,3 wk ahead inc death,2020-08-29,19,quantile,0.99,142
2020-08-10,3 wk ahead inc death,2020-08-29,20,quantile,0.01,6
2020-08-10,3 wk ahead inc death,2020-08-29,20,quantile,0.025,7
2020-08-10,3 wk ahead inc death,2020-08-29,20,quantile,0.05,9
2020-08-10,3 wk ahead inc death,2020-08-29,20,quantile,0.1,10
2020-08-10,3 wk ahead inc death,2020-08-29,20,quantile,0.15,12
2020-08-10,3 wk ahead inc death,2020-08-29,20,quantile,0.2,13
2020-08-10,3 wk ahead inc death,2020-08-29,20,quantile,0.25,14
2020-08-10,3 wk ahead inc death,2020-08-29,20,quantile,0.3,15
2020-08-10,3 wk ahead inc death,2020-08-29,20,quantile,0.35,16
2020-08-10,3 wk ahead inc death,2020-08-29,20,quantile,0.4,17
2020-08-10,3 wk ahead inc death,2020-08-29,20,quantile,0.45,18
2020-08-10,3 wk ahead inc death,2020-08-29,20,quantile,0.5,20
2020-08-10,3 wk ahead inc death,2020-08-29,20,quantile,0.55,22
2020-08-10,3 wk ahead inc death,2020-08-29,20,quantile,0.6,24
2020-08-10,3 wk ahead inc death,2020-08-29,20,quantile,0.65,25
2020-08-10,3 wk ahead inc death,2020-08-29,20,quantile,0.7,26
2020-08-10,3 wk ahead inc death,2020-08-29,20,quantile,0.75,28
2020-08-10,3 wk ahead inc death,2020-08-29,20,quantile,0.8,30
2020-08-10,3 wk ahead inc death,2020-08-29,20,quantile,0.85,33
2020-08-10,3 wk ahead inc death,2020-08-29,20,quantile,0.9,36
2020-08-10,3 wk ahead inc death,2020-08-29,20,quantile,0.95,41
2020-08-10,3 wk ahead inc death,2020-08-29,20,quantile,0.975,46
2020-08-10,3 wk ahead inc death,2020-08-29,20,quantile,0.99,53
2020-08-10,3 wk ahead inc death,2020-08-29,21,quantile,0.01,13
2020-08-10,3 wk ahead inc death,2020-08-29,21,quantile,0.025,15
2020-08-10,3 wk ahead inc death,2020-08-29,21,quantile,0.05,18
2020-08-10,3 wk ahead inc death,2020-08-29,21,quantile,0.1,21
2020-08-10,3 wk ahead inc death,2020-08-29,21,quantile,0.15,24
2020-08-10,3 wk ahead inc death,2020-08-29,21,quantile,0.2,27
2020-08-10,3 wk ahead inc death,2020-08-29,21,quantile,0.25,29
2020-08-10,3 wk ahead inc death,2020-08-29,21,quantile,0.3,32
2020-08-10,3 wk ahead inc death,2020-08-29,21,quantile,0.35,34
2020-08-10,3 wk ahead inc death,2020-08-29,21,quantile,0.4,37
2020-08-10,3 wk ahead inc death,2020-08-29,21,quantile,0.45,40
2020-08-10,3 wk ahead inc death,2020-08-29,21,quantile,0.5,43
2020-08-10,3 wk ahead inc death,2020-08-29,21,quantile,0.55,47
2020-08-10,3 wk ahead inc death,2020-08-29,21,quantile,0.6,50
2020-08-10,3 wk ahead inc death,2020-08-29,21,quantile,0.65,53
2020-08-10,3 wk ahead inc death,2020-08-29,21,quantile,0.7,58
2020-08-10,3 wk ahead inc death,2020-08-29,21,quantile,0.75,63
2020-08-10,3 wk ahead inc death,2020-08-29,21,quantile,0.8,69
2020-08-10,3 wk ahead inc death,2020-08-29,21,quantile,0.85,76
2020-08-10,3 wk ahead inc death,2020-08-29,21,quantile,0.9,86
2020-08-10,3 wk ahead inc death,2020-08-29,21,quantile,0.95,100
2020-08-10,3 wk ahead inc death,2020-08-29,21,quantile,0.975,115
2020-08-10,3 wk ahead inc death,2020-08-29,21,quantile,0.99,136
2020-08-10,3 wk ahead inc death,2020-08-29,22,quantile,0.01,100
2020-08-10,3 wk ahead inc death,2020-08-29,22,quantile,0.025,110
2020-08-10,3 wk ahead inc death,2020-08-29,22,quantile,0.05,122
2020-08-10,3 wk ahead inc death,2020-08-29,22,quantile,0.1,138
2020-08-10,3 wk ahead inc death,2020-08-29,22,quantile,0.15,150
2020-08-10,3 wk ahead inc death,2020-08-29,22,quantile,0.2,160
2020-08-10,3 wk ahead inc death,2020-08-29,22,quantile,0.25,171
2020-08-10,3 wk ahead inc death,2020-08-29,22,quantile,0.3,180
2020-08-10,3 wk ahead inc death,2020-08-29,22,quantile,0.35,189
2020-08-10,3 wk ahead inc death,2020-08-29,22,quantile,0.4,200
2020-08-10,3 wk ahead inc death,2020-08-29,22,quantile,0.45,211
2020-08-10,3 wk ahead inc death,2020-08-29,22,quantile,0.5,223
2020-08-10,3 wk ahead inc death,2020-08-29,22,quantile,0.55,235
2020-08-10,3 wk ahead inc death,2020-08-29,22,quantile,0.6,247
2020-08-10,3 wk ahead inc death,2020-08-29,22,quantile,0.65,258
2020-08-10,3 wk ahead inc death,2020-08-29,22,quantile,0.7,271
2020-08-10,3 wk ahead inc death,2020-08-29,22,quantile,0.75,285
2020-08-10,3 wk ahead inc death,2020-08-29,22,quantile,0.8,303
2020-08-10,3 wk ahead inc death,2020-08-29,22,quantile,0.85,326
2020-08-10,3 wk ahead inc death,2020-08-29,22,quantile,0.9,357
2020-08-10,3 wk ahead inc death,2020-08-29,22,quantile,0.95,408
2020-08-10,3 wk ahead inc death,2020-08-29,22,quantile,0.975,458
2020-08-10,3 wk ahead inc death,2020-08-29,22,quantile,0.99,518
2020-08-10,3 wk ahead inc death,2020-08-29,23,quantile,0.01,0
2020-08-10,3 wk ahead inc death,2020-08-29,23,quantile,0.025,0
2020-08-10,3 wk ahead inc death,2020-08-29,23,quantile,0.05,0
2020-08-10,3 wk ahead inc death,2020-08-29,23,quantile,0.1,0
2020-08-10,3 wk ahead inc death,2020-08-29,23,quantile,0.15,0
2020-08-10,3 wk ahead inc death,2020-08-29,23,quantile,0.2,0
2020-08-10,3 wk ahead inc death,2020-08-29,23,quantile,0.25,0
2020-08-10,3 wk ahead inc death,2020-08-29,23,quantile,0.3,0
2020-08-10,3 wk ahead inc death,2020-08-29,23,quantile,0.35,1
2020-08-10,3 wk ahead inc death,2020-08-29,23,quantile,0.4,1
2020-08-10,3 wk ahead inc death,2020-08-29,23,quantile,0.45,1
2020-08-10,3 wk ahead inc death,2020-08-29,23,quantile,0.5,2
2020-08-10,3 wk ahead inc death,2020-08-29,23,quantile,0.55,3
2020-08-10,3 wk ahead inc death,2020-08-29,23,quantile,0.6,3
2020-08-10,3 wk ahead inc death,2020-08-29,23,quantile,0.65,3
2020-08-10,3 wk ahead inc death,2020-08-29,23,quantile,0.7,4
2020-08-10,3 wk ahead inc death,2020-08-29,23,quantile,0.75,4
2020-08-10,3 wk ahead inc death,2020-08-29,23,quantile,0.8,4
2020-08-10,3 wk ahead inc death,2020-08-29,23,quantile,0.85,4
2020-08-10,3 wk ahead inc death,2020-08-29,23,quantile,0.9,5
2020-08-10,3 wk ahead inc death,2020-08-29,23,quantile,0.95,6
2020-08-10,3 wk ahead inc death,2020-08-29,23,quantile,0.975,7
2020-08-10,3 wk ahead inc death,2020-08-29,23,quantile,0.99,9
2020-08-10,3 wk ahead inc death,2020-08-29,24,quantile,0.01,37
2020-08-10,3 wk ahead inc death,2020-08-29,24,quantile,0.025,39
2020-08-10,3 wk ahead inc death,2020-08-29,24,quantile,0.05,43
2020-08-10,3 wk ahead inc death,2020-08-29,24,quantile,0.1,49
2020-08-10,3 wk ahead inc death,2020-08-29,24,quantile,0.15,53
2020-08-10,3 wk ahead inc death,2020-08-29,24,quantile,0.2,57
2020-08-10,3 wk ahead inc death,2020-08-29,24,quantile,0.25,63
2020-08-10,3 wk ahead inc death,2020-08-29,24,quantile,0.3,66
2020-08-10,3 wk ahead inc death,2020-08-29,24,quantile,0.35,71
2020-08-10,3 wk ahead inc death,2020-08-29,24,quantile,0.4,75
2020-08-10,3 wk ahead inc death,2020-08-29,24,quantile,0.45,79
2020-08-10,3 wk ahead inc death,2020-08-29,24,quantile,0.5,85
2020-08-10,3 wk ahead inc death,2020-08-29,24,quantile,0.55,89
2020-08-10,3 wk ahead inc death,2020-08-29,24,quantile,0.6,94
2020-08-10,3 wk ahead inc death,2020-08-29,24,quantile,0.65,99
2020-08-10,3 wk ahead inc death,2020-08-29,24,quantile,0.7,104
2020-08-10,3 wk ahead inc death,2020-08-29,24,quantile,0.75,110
2020-08-10,3 wk ahead inc death,2020-08-29,24,quantile,0.8,118
2020-08-10,3 wk ahead inc death,2020-08-29,24,quantile,0.85,126
2020-08-10,3 wk ahead inc death,2020-08-29,24,quantile,0.9,137
2020-08-10,3 wk ahead inc death,2020-08-29,24,quantile,0.95,156
2020-08-10,3 wk ahead inc death,2020-08-29,24,quantile,0.975,176
2020-08-10,3 wk ahead inc death,2020-08-29,24,quantile,0.99,199
2020-08-10,3 wk ahead inc death,2020-08-29,25,quantile,0.01,36
2020-08-10,3 wk ahead inc death,2020-08-29,25,quantile,0.025,41
2020-08-10,3 wk ahead inc death,2020-08-29,25,quantile,0.05,46
2020-08-10,3 wk ahead inc death,2020-08-29,25,quantile,0.1,54
2020-08-10,3 wk ahead inc death,2020-08-29,25,quantile,0.15,62
2020-08-10,3 wk ahead inc death,2020-08-29,25,quantile,0.2,68
2020-08-10,3 wk ahead inc death,2020-08-29,25,quantile,0.25,75
2020-08-10,3 wk ahead inc death,2020-08-29,25,quantile,0.3,81
2020-08-10,3 wk ahead inc death,2020-08-29,25,quantile,0.35,89
2020-08-10,3 wk ahead inc death,2020-08-29,25,quantile,0.4,95
2020-08-10,3 wk ahead inc death,2020-08-29,25,quantile,0.45,101
2020-08-10,3 wk ahead inc death,2020-08-29,25,quantile,0.5,109
2020-08-10,3 wk ahead inc death,2020-08-29,25,quantile,0.55,119
2020-08-10,3 wk ahead inc death,2020-08-29,25,quantile,0.6,127
2020-08-10,3 wk ahead inc death,2020-08-29,25,quantile,0.65,135
2020-08-10,3 wk ahead inc death,2020-08-29,25,quantile,0.7,144
2020-08-10,3 wk ahead inc death,2020-08-29,25,quantile,0.75,154
2020-08-10,3 wk ahead inc death,2020-08-29,25,quantile,0.8,164
2020-08-10,3 wk ahead inc death,2020-08-29,25,quantile,0.85,177
2020-08-10,3 wk ahead inc death,2020-08-29,25,quantile,0.9,199
2020-08-10,3 wk ahead inc death,2020-08-29,25,quantile,0.95,226
2020-08-10,3 wk ahead inc death,2020-08-29,25,quantile,0.975,253
2020-08-10,3 wk ahead inc death,2020-08-29,25,quantile,0.99,289
2020-08-10,3 wk ahead inc death,2020-08-29,26,quantile,0.01,31
2020-08-10,3 wk ahead inc death,2020-08-29,26,quantile,0.025,35
2020-08-10,3 wk ahead inc death,2020-08-29,26,quantile,0.05,39
2020-08-10,3 wk ahead inc death,2020-08-29,26,quantile,0.1,46
2020-08-10,3 wk ahead inc death,2020-08-29,26,quantile,0.15,50
2020-08-10,3 wk ahead inc death,2020-08-29,26,quantile,0.2,55
2020-08-10,3 wk ahead inc death,2020-08-29,26,quantile,0.25,59
2020-08-10,3 wk ahead inc death,2020-08-29,26,quantile,0.3,63
2020-08-10,3 wk ahead inc death,2020-08-29,26,quantile,0.35,67
2020-08-10,3 wk ahead inc death,2020-08-29,26,quantile,0.4,72
2020-08-10,3 wk ahead inc death,2020-08-29,26,quantile,0.45,76
2020-08-10,3 wk ahead inc death,2020-08-29,26,quantile,0.5,81
2020-08-10,3 wk ahead inc death,2020-08-29,26,quantile,0.55,86
2020-08-10,3 wk ahead inc death,2020-08-29,26,quantile,0.6,91
2020-08-10,3 wk ahead inc death,2020-08-29,26,quantile,0.65,97
2020-08-10,3 wk ahead inc death,2020-08-29,26,quantile,0.7,104
2020-08-10,3 wk ahead inc death,2020-08-29,26,quantile,0.75,111
2020-08-10,3 wk ahead inc death,2020-08-29,26,quantile,0.8,119
2020-08-10,3 wk ahead inc death,2020-08-29,26,quantile,0.85,129
2020-08-10,3 wk ahead inc death,2020-08-29,26,quantile,0.9,143
2020-08-10,3 wk ahead inc death,2020-08-29,26,quantile,0.95,164
2020-08-10,3 wk ahead inc death,2020-08-29,26,quantile,0.975,185
2020-08-10,3 wk ahead inc death,2020-08-29,26,quantile,0.99,255
2020-08-10,3 wk ahead inc death,2020-08-29,27,quantile,0.01,24
2020-08-10,3 wk ahead inc death,2020-08-29,27,quantile,0.025,27
2020-08-10,3 wk ahead inc death,2020-08-29,27,quantile,0.05,30
2020-08-10,3 wk ahead inc death,2020-08-29,27,quantile,0.1,34
2020-08-10,3 wk ahead inc death,2020-08-29,27,quantile,0.15,38
2020-08-10,3 wk ahead inc death,2020-08-29,27,quantile,0.2,42
2020-08-10,3 wk ahead inc death,2020-08-29,27,quantile,0.25,45
2020-08-10,3 wk ahead inc death,2020-08-29,27,quantile,0.3,48
2020-08-10,3 wk ahead inc death,2020-08-29,27,quantile,0.35,51
2020-08-10,3 wk ahead inc death,2020-08-29,27,quantile,0.4,55
2020-08-10,3 wk ahead inc death,2020-08-29,27,quantile,0.45,58
2020-08-10,3 wk ahead inc death,2020-08-29,27,quantile,0.5,62
2020-08-10,3 wk ahead inc death,2020-08-29,27,quantile,0.55,67
2020-08-10,3 wk ahead inc death,2020-08-29,27,quantile,0.6,70
2020-08-10,3 wk ahead inc death,2020-08-29,27,quantile,0.65,75
2020-08-10,3 wk ahead inc death,2020-08-29,27,quantile,0.7,79
2020-08-10,3 wk ahead inc death,2020-08-29,27,quantile,0.75,84
2020-08-10,3 wk ahead inc death,2020-08-29,27,quantile,0.8,90
2020-08-10,3 wk ahead inc death,2020-08-29,27,quantile,0.85,97
2020-08-10,3 wk ahead inc death,2020-08-29,27,quantile,0.9,108
2020-08-10,3 wk ahead inc death,2020-08-29,27,quantile,0.95,125
2020-08-10,3 wk ahead inc death,2020-08-29,27,quantile,0.975,139
2020-08-10,3 wk ahead inc death,2020-08-29,27,quantile,0.99,158
2020-08-10,3 wk ahead inc death,2020-08-29,28,quantile,0.01,63
2020-08-10,3 wk ahead inc death,2020-08-29,28,quantile,0.025,70
2020-08-10,3 wk ahead inc death,2020-08-29,28,quantile,0.05,77
2020-08-10,3 wk ahead inc death,2020-08-29,28,quantile,0.1,87
2020-08-10,3 wk ahead inc death,2020-08-29,28,quantile,0.15,96
2020-08-10,3 wk ahead inc death,2020-08-29,28,quantile,0.2,104
2020-08-10,3 wk ahead inc death,2020-08-29,28,quantile,0.25,110
2020-08-10,3 wk ahead inc death,2020-08-29,28,quantile,0.3,116
2020-08-10,3 wk ahead inc death,2020-08-29,28,quantile,0.35,124
2020-08-10,3 wk ahead inc death,2020-08-29,28,quantile,0.4,133
2020-08-10,3 wk ahead inc death,2020-08-29,28,quantile,0.45,140
2020-08-10,3 wk ahead inc death,2020-08-29,28,quantile,0.5,146
2020-08-10,3 wk ahead inc death,2020-08-29,28,quantile,0.55,153
2020-08-10,3 wk ahead inc death,2020-08-29,28,quantile,0.6,160
2020-08-10,3 wk ahead inc death,2020-08-29,28,quantile,0.65,166
2020-08-10,3 wk ahead inc death,2020-08-29,28,quantile,0.7,175
2020-08-10,3 wk ahead inc death,2020-08-29,28,quantile,0.75,184
2020-08-10,3 wk ahead inc death,2020-08-29,28,quantile,0.8,195
2020-08-10,3 wk ahead inc death,2020-08-29,28,quantile,0.85,211
2020-08-10,3 wk ahead inc death,2020-08-29,28,quantile,0.9,230
2020-08-10,3 wk ahead inc death,2020-08-29,28,quantile,0.95,262
2020-08-10,3 wk ahead inc death,2020-08-29,28,quantile,0.975,294
2020-08-10,3 wk ahead inc death,2020-08-29,28,quantile,0.99,356
2020-08-10,3 wk ahead inc death,2020-08-29,29,quantile,0.01,23
2020-08-10,3 wk ahead inc death,2020-08-29,29,quantile,0.025,26
2020-08-10,3 wk ahead inc death,2020-08-29,29,quantile,0.05,29
2020-08-10,3 wk ahead inc death,2020-08-29,29,quantile,0.1,33
2020-08-10,3 wk ahead inc death,2020-08-29,29,quantile,0.15,36
2020-08-10,3 wk ahead inc death,2020-08-29,29,quantile,0.2,39
2020-08-10,3 wk ahead inc death,2020-08-29,29,quantile,0.25,42
2020-08-10,3 wk ahead inc death,2020-08-29,29,quantile,0.3,45
2020-08-10,3 wk ahead inc death,2020-08-29,29,quantile,0.35,48
2020-08-10,3 wk ahead inc death,2020-08-29,29,quantile,0.4,50
2020-08-10,3 wk ahead inc death,2020-08-29,29,quantile,0.45,52
2020-08-10,3 wk ahead inc death,2020-08-29,29,quantile,0.5,56
2020-08-10,3 wk ahead inc death,2020-08-29,29,quantile,0.55,59
2020-08-10,3 wk ahead inc death,2020-08-29,29,quantile,0.6,62
2020-08-10,3 wk ahead inc death,2020-08-29,29,quantile,0.65,65
2020-08-10,3 wk ahead inc death,2020-08-29,29,quantile,0.7,68
2020-08-10,3 wk ahead inc death,2020-08-29,29,quantile,0.75,72
2020-08-10,3 wk ahead inc death,2020-08-29,29,quantile,0.8,76
2020-08-10,3 wk ahead inc death,2020-08-29,29,quantile,0.85,82
2020-08-10,3 wk ahead inc death,2020-08-29,29,quantile,0.9,90
2020-08-10,3 wk ahead inc death,2020-08-29,29,quantile,0.95,105
2020-08-10,3 wk ahead inc death,2020-08-29,29,quantile,0.975,120
2020-08-10,3 wk ahead inc death,2020-08-29,29,quantile,0.99,143
2020-08-10,3 wk ahead inc death,2020-08-29,30,quantile,0.01,4
2020-08-10,3 wk ahead inc death,2020-08-29,30,quantile,0.025,5
2020-08-10,3 wk ahead inc death,2020-08-29,30,quantile,0.05,6
2020-08-10,3 wk ahead inc death,2020-08-29,30,quantile,0.1,7
2020-08-10,3 wk ahead inc death,2020-08-29,30,quantile,0.15,8
2020-08-10,3 wk ahead inc death,2020-08-29,30,quantile,0.2,8
2020-08-10,3 wk ahead inc death,2020-08-29,30,quantile,0.25,9
2020-08-10,3 wk ahead inc death,2020-08-29,30,quantile,0.3,10
2020-08-10,3 wk ahead inc death,2020-08-29,30,quantile,0.35,11
2020-08-10,3 wk ahead inc death,2020-08-29,30,quantile,0.4,12
2020-08-10,3 wk ahead inc death,2020-08-29,30,quantile,0.45,13
2020-08-10,3 wk ahead inc death,2020-08-29,30,quantile,0.5,14
2020-08-10,3 wk ahead inc death,2020-08-29,30,quantile,0.55,15
2020-08-10,3 wk ahead inc death,2020-08-29,30,quantile,0.6,17
2020-08-10,3 wk ahead inc death,2020-08-29,30,quantile,0.65,18
2020-08-10,3 wk ahead inc death,2020-08-29,30,quantile,0.7,19
2020-08-10,3 wk ahead inc death,2020-08-29,30,quantile,0.75,20
2020-08-10,3 wk ahead inc death,2020-08-29,30,quantile,0.8,22
2020-08-10,3 wk ahead inc death,2020-08-29,30,quantile,0.85,24
2020-08-10,3 wk ahead inc death,2020-08-29,30,quantile,0.9,27
2020-08-10,3 wk ahead inc death,2020-08-29,30,quantile,0.95,31
2020-08-10,3 wk ahead inc death,2020-08-29,30,quantile,0.975,35
2020-08-10,3 wk ahead inc death,2020-08-29,30,quantile,0.99,41
2020-08-10,3 wk ahead inc death,2020-08-29,31,quantile,0.01,4
2020-08-10,3 wk ahead inc death,2020-08-29,31,quantile,0.025,4
2020-08-10,3 wk ahead inc death,2020-08-29,31,quantile,0.05,5
2020-08-10,3 wk ahead inc death,2020-08-29,31,quantile,0.1,6
2020-08-10,3 wk ahead inc death,2020-08-29,31,quantile,0.15,7
2020-08-10,3 wk ahead inc death,2020-08-29,31,quantile,0.2,8
2020-08-10,3 wk ahead inc death,2020-08-29,31,quantile,0.25,9
2020-08-10,3 wk ahead inc death,2020-08-29,31,quantile,0.3,10
2020-08-10,3 wk ahead inc death,2020-08-29,31,quantile,0.35,11
2020-08-10,3 wk ahead inc death,2020-08-29,31,quantile,0.4,12
2020-08-10,3 wk ahead inc death,2020-08-29,31,quantile,0.45,13
2020-08-10,3 wk ahead inc death,2020-08-29,31,quantile,0.5,14
2020-08-10,3 wk ahead inc death,2020-08-29,31,quantile,0.55,16
2020-08-10,3 wk ahead inc death,2020-08-29,31,quantile,0.6,17
2020-08-10,3 wk ahead inc death,2020-08-29,31,quantile,0.65,18
2020-08-10,3 wk ahead inc death,2020-08-29,31,quantile,0.7,20
2020-08-10,3 wk ahead inc death,2020-08-29,31,quantile,0.75,21
2020-08-10,3 wk ahead inc death,2020-08-29,31,quantile,0.8,23
2020-08-10,3 wk ahead inc death,2020-08-29,31,quantile,0.85,25
2020-08-10,3 wk ahead inc death,2020-08-29,31,quantile,0.9,29
2020-08-10,3 wk ahead inc death,2020-08-29,31,quantile,0.95,34
2020-08-10,3 wk ahead inc death,2020-08-29,31,quantile,0.975,39
2020-08-10,3 wk ahead inc death,2020-08-29,31,quantile,0.99,45
2020-08-10,3 wk ahead inc death,2020-08-29,32,quantile,0.01,43
2020-08-10,3 wk ahead inc death,2020-08-29,32,quantile,0.025,48
2020-08-10,3 wk ahead inc death,2020-08-29,32,quantile,0.05,54
2020-08-10,3 wk ahead inc death,2020-08-29,32,quantile,0.1,62
2020-08-10,3 wk ahead inc death,2020-08-29,32,quantile,0.15,68
2020-08-10,3 wk ahead inc death,2020-08-29,32,quantile,0.2,73
2020-08-10,3 wk ahead inc death,2020-08-29,32,quantile,0.25,78
2020-08-10,3 wk ahead inc death,2020-08-29,32,quantile,0.3,81
2020-08-10,3 wk ahead inc death,2020-08-29,32,quantile,0.35,86
2020-08-10,3 wk ahead inc death,2020-08-29,32,quantile,0.4,90
2020-08-10,3 wk ahead inc death,2020-08-29,32,quantile,0.45,95
2020-08-10,3 wk ahead inc death,2020-08-29,32,quantile,0.5,99
2020-08-10,3 wk ahead inc death,2020-08-29,32,quantile,0.55,105
2020-08-10,3 wk ahead inc death,2020-08-29,32,quantile,0.6,109
2020-08-10,3 wk ahead inc death,2020-08-29,32,quantile,0.65,115
2020-08-10,3 wk ahead inc death,2020-08-29,32,quantile,0.7,121
2020-08-10,3 wk ahead inc death,2020-08-29,32,quantile,0.75,127
2020-08-10,3 wk ahead inc death,2020-08-29,32,quantile,0.8,136
2020-08-10,3 wk ahead inc death,2020-08-29,32,quantile,0.85,146
2020-08-10,3 wk ahead inc death,2020-08-29,32,quantile,0.9,160
2020-08-10,3 wk ahead inc death,2020-08-29,32,quantile,0.95,185
2020-08-10,3 wk ahead inc death,2020-08-29,32,quantile,0.975,209
2020-08-10,3 wk ahead inc death,2020-08-29,32,quantile,0.99,270
2020-08-10,3 wk ahead inc death,2020-08-29,33,quantile,0.01,1
2020-08-10,3 wk ahead inc death,2020-08-29,33,quantile,0.025,1
2020-08-10,3 wk ahead inc death,2020-08-29,33,quantile,0.05,1
2020-08-10,3 wk ahead inc death,2020-08-29,33,quantile,0.1,1
2020-08-10,3 wk ahead inc death,2020-08-29,33,quantile,0.15,2
2020-08-10,3 wk ahead inc death,2020-08-29,33,quantile,0.2,2
2020-08-10,3 wk ahead inc death,2020-08-29,33,quantile,0.25,3
2020-08-10,3 wk ahead inc death,2020-08-29,33,quantile,0.3,3
2020-08-10,3 wk ahead inc death,2020-08-29,33,quantile,0.35,3
2020-08-10,3 wk ahead inc death,2020-08-29,33,quantile,0.4,3
2020-08-10,3 wk ahead inc death,2020-08-29,33,quantile,0.45,4
2020-08-10,3 wk ahead inc death,2020-08-29,33,quantile,0.5,6
2020-08-10,3 wk ahead inc death,2020-08-29,33,quantile,0.55,7
2020-08-10,3 wk ahead inc death,2020-08-29,33,quantile,0.6,7
2020-08-10,3 wk ahead inc death,2020-08-29,33,quantile,0.65,8
2020-08-10,3 wk ahead inc death,2020-08-29,33,quantile,0.7,9
2020-08-10,3 wk ahead inc death,2020-08-29,33,quantile,0.75,10
2020-08-10,3 wk ahead inc death,2020-08-29,33,quantile,0.8,11
2020-08-10,3 wk ahead inc death,2020-08-29,33,quantile,0.85,12
2020-08-10,3 wk ahead inc death,2020-08-29,33,quantile,0.9,14
2020-08-10,3 wk ahead inc death,2020-08-29,33,quantile,0.95,17
2020-08-10,3 wk ahead inc death,2020-08-29,33,quantile,0.975,20
2020-08-10,3 wk ahead inc death,2020-08-29,33,quantile,0.99,23
2020-08-10,3 wk ahead inc death,2020-08-29,34,quantile,0.01,32
2020-08-10,3 wk ahead inc death,2020-08-29,34,quantile,0.025,35
2020-08-10,3 wk ahead inc death,2020-08-29,34,quantile,0.05,38
2020-08-10,3 wk ahead inc death,2020-08-29,34,quantile,0.1,41
2020-08-10,3 wk ahead inc death,2020-08-29,34,quantile,0.15,46
2020-08-10,3 wk ahead inc death,2020-08-29,34,quantile,0.2,49
2020-08-10,3 wk ahead inc death,2020-08-29,34,quantile,0.25,52
2020-08-10,3 wk ahead inc death,2020-08-29,34,quantile,0.3,55
2020-08-10,3 wk ahead inc death,2020-08-29,34,quantile,0.35,58
2020-08-10,3 wk ahead inc death,2020-08-29,34,quantile,0.4,61
2020-08-10,3 wk ahead inc death,2020-08-29,34,quantile,0.45,65
2020-08-10,3 wk ahead inc death,2020-08-29,34,quantile,0.5,70
2020-08-10,3 wk ahead inc death,2020-08-29,34,quantile,0.55,75
2020-08-10,3 wk ahead inc death,2020-08-29,34,quantile,0.6,80
2020-08-10,3 wk ahead inc death,2020-08-29,34,quantile,0.65,86
2020-08-10,3 wk ahead inc death,2020-08-29,34,quantile,0.7,92
2020-08-10,3 wk ahead inc death,2020-08-29,34,quantile,0.75,98
2020-08-10,3 wk ahead inc death,2020-08-29,34,quantile,0.8,106
2020-08-10,3 wk ahead inc death,2020-08-29,34,quantile,0.85,117
2020-08-10,3 wk ahead inc death,2020-08-29,34,quantile,0.9,132
2020-08-10,3 wk ahead inc death,2020-08-29,34,quantile,0.95,155
2020-08-10,3 wk ahead inc death,2020-08-29,34,quantile,0.975,249
2020-08-10,3 wk ahead inc death,2020-08-29,34,quantile,0.99,6223
2020-08-10,3 wk ahead inc death,2020-08-29,35,quantile,0.01,10
2020-08-10,3 wk ahead inc death,2020-08-29,35,quantile,0.025,12
2020-08-10,3 wk ahead inc death,2020-08-29,35,quantile,0.05,13
2020-08-10,3 wk ahead inc death,2020-08-29,35,quantile,0.1,15
2020-08-10,3 wk ahead inc death,2020-08-29,35,quantile,0.15,16
2020-08-10,3 wk ahead inc death,2020-08-29,35,quantile,0.2,18
2020-08-10,3 wk ahead inc death,2020-08-29,35,quantile,0.25,19
2020-08-10,3 wk ahead inc death,2020-08-29,35,quantile,0.3,20
2020-08-10,3 wk ahead inc death,2020-08-29,35,quantile,0.35,21
2020-08-10,3 wk ahead inc death,2020-08-29,35,quantile,0.4,22
2020-08-10,3 wk ahead inc death,2020-08-29,35,quantile,0.45,23
2020-08-10,3 wk ahead inc death,2020-08-29,35,quantile,0.5,25
2020-08-10,3 wk ahead inc death,2020-08-29,35,quantile,0.55,27
2020-08-10,3 wk ahead inc death,2020-08-29,35,quantile,0.6,28
2020-08-10,3 wk ahead inc death,2020-08-29,35,quantile,0.65,30
2020-08-10,3 wk ahead inc death,2020-08-29,35,quantile,0.7,32
2020-08-10,3 wk ahead inc death,2020-08-29,35,quantile,0.75,33
2020-08-10,3 wk ahead inc death,2020-08-29,35,quantile,0.8,35
2020-08-10,3 wk ahead inc death,2020-08-29,35,quantile,0.85,38
2020-08-10,3 wk ahead inc death,2020-08-29,35,quantile,0.9,41
2020-08-10,3 wk ahead inc death,2020-08-29,35,quantile,0.95,47
2020-08-10,3 wk ahead inc death,2020-08-29,35,quantile,0.975,53
2020-08-10,3 wk ahead inc death,2020-08-29,35,quantile,0.99,63
2020-08-10,3 wk ahead inc death,2020-08-29,36,quantile,0.01,30
2020-08-10,3 wk ahead inc death,2020-08-29,36,quantile,0.025,34
2020-08-10,3 wk ahead inc death,2020-08-29,36,quantile,0.05,37
2020-08-10,3 wk ahead inc death,2020-08-29,36,quantile,0.1,42
2020-08-10,3 wk ahead inc death,2020-08-29,36,quantile,0.15,48
2020-08-10,3 wk ahead inc death,2020-08-29,36,quantile,0.2,53
2020-08-10,3 wk ahead inc death,2020-08-29,36,quantile,0.25,57
2020-08-10,3 wk ahead inc death,2020-08-29,36,quantile,0.3,62
2020-08-10,3 wk ahead inc death,2020-08-29,36,quantile,0.35,67
2020-08-10,3 wk ahead inc death,2020-08-29,36,quantile,0.4,71
2020-08-10,3 wk ahead inc death,2020-08-29,36,quantile,0.45,75
2020-08-10,3 wk ahead inc death,2020-08-29,36,quantile,0.5,82
2020-08-10,3 wk ahead inc death,2020-08-29,36,quantile,0.55,88
2020-08-10,3 wk ahead inc death,2020-08-29,36,quantile,0.6,94
2020-08-10,3 wk ahead inc death,2020-08-29,36,quantile,0.65,102
2020-08-10,3 wk ahead inc death,2020-08-29,36,quantile,0.7,112
2020-08-10,3 wk ahead inc death,2020-08-29,36,quantile,0.75,121
2020-08-10,3 wk ahead inc death,2020-08-29,36,quantile,0.8,134
2020-08-10,3 wk ahead inc death,2020-08-29,36,quantile,0.85,156
2020-08-10,3 wk ahead inc death,2020-08-29,36,quantile,0.9,186
2020-08-10,3 wk ahead inc death,2020-08-29,36,quantile,0.95,230
2020-08-10,3 wk ahead inc death,2020-08-29,36,quantile,0.975,266
2020-08-10,3 wk ahead inc death,2020-08-29,36,quantile,0.99,316
2020-08-10,3 wk ahead inc death,2020-08-29,37,quantile,0.01,67
2020-08-10,3 wk ahead inc death,2020-08-29,37,quantile,0.025,75
2020-08-10,3 wk ahead inc death,2020-08-29,37,quantile,0.05,84
2020-08-10,3 wk ahead inc death,2020-08-29,37,quantile,0.1,95
2020-08-10,3 wk ahead inc death,2020-08-29,37,quantile,0.15,104
2020-08-10,3 wk ahead inc death,2020-08-29,37,quantile,0.2,112
2020-08-10,3 wk ahead inc death,2020-08-29,37,quantile,0.25,120
2020-08-10,3 wk ahead inc death,2020-08-29,37,quantile,0.3,127
2020-08-10,3 wk ahead inc death,2020-08-29,37,quantile,0.35,136
2020-08-10,3 wk ahead inc death,2020-08-29,37,quantile,0.4,145
2020-08-10,3 wk ahead inc death,2020-08-29,37,quantile,0.45,153
2020-08-10,3 wk ahead inc death,2020-08-29,37,quantile,0.5,162
2020-08-10,3 wk ahead inc death,2020-08-29,37,quantile,0.55,170
2020-08-10,3 wk ahead inc death,2020-08-29,37,quantile,0.6,177
2020-08-10,3 wk ahead inc death,2020-08-29,37,quantile,0.65,185
2020-08-10,3 wk ahead inc death,2020-08-29,37,quantile,0.7,193
2020-08-10,3 wk ahead inc death,2020-08-29,37,quantile,0.75,203
2020-08-10,3 wk ahead inc death,2020-08-29,37,quantile,0.8,215
2020-08-10,3 wk ahead inc death,2020-08-29,37,quantile,0.85,230
2020-08-10,3 wk ahead inc death,2020-08-29,37,quantile,0.9,251
2020-08-10,3 wk ahead inc death,2020-08-29,37,quantile,0.95,288
2020-08-10,3 wk ahead inc death,2020-08-29,37,quantile,0.975,316
2020-08-10,3 wk ahead inc death,2020-08-29,37,quantile,0.99,372
2020-08-10,3 wk ahead inc death,2020-08-29,38,quantile,0.01,2
2020-08-10,3 wk ahead inc death,2020-08-29,38,quantile,0.025,2
2020-08-10,3 wk ahead inc death,2020-08-29,38,quantile,0.05,3
2020-08-10,3 wk ahead inc death,2020-08-29,38,quantile,0.1,3
2020-08-10,3 wk ahead inc death,2020-08-29,38,quantile,0.15,4
2020-08-10,3 wk ahead inc death,2020-08-29,38,quantile,0.2,5
2020-08-10,3 wk ahead inc death,2020-08-29,38,quantile,0.25,5
2020-08-10,3 wk ahead inc death,2020-08-29,38,quantile,0.3,6
2020-08-10,3 wk ahead inc death,2020-08-29,38,quantile,0.35,6
2020-08-10,3 wk ahead inc death,2020-08-29,38,quantile,0.4,7
2020-08-10,3 wk ahead inc death,2020-08-29,38,quantile,0.45,8
2020-08-10,3 wk ahead inc death,2020-08-29,38,quantile,0.5,9
2020-08-10,3 wk ahead inc death,2020-08-29,38,quantile,0.55,10
2020-08-10,3 wk ahead inc death,2020-08-29,38,quantile,0.6,11
2020-08-10,3 wk ahead inc death,2020-08-29,38,quantile,0.65,12
2020-08-10,3 wk ahead inc death,2020-08-29,38,quantile,0.7,13
2020-08-10,3 wk ahead inc death,2020-08-29,38,quantile,0.75,14
2020-08-10,3 wk ahead inc death,2020-08-29,38,quantile,0.8,15
2020-08-10,3 wk ahead inc death,2020-08-29,38,quantile,0.85,16
2020-08-10,3 wk ahead inc death,2020-08-29,38,quantile,0.9,18
2020-08-10,3 wk ahead inc death,2020-08-29,38,quantile,0.95,21
2020-08-10,3 wk ahead inc death,2020-08-29,38,quantile,0.975,23
2020-08-10,3 wk ahead inc death,2020-08-29,38,quantile,0.99,31
2020-08-10,3 wk ahead inc death,2020-08-29,39,quantile,0.01,68
2020-08-10,3 wk ahead inc death,2020-08-29,39,quantile,0.025,75
2020-08-10,3 wk ahead inc death,2020-08-29,39,quantile,0.05,82
2020-08-10,3 wk ahead inc death,2020-08-29,39,quantile,0.1,93
2020-08-10,3 wk ahead inc death,2020-08-29,39,quantile,0.15,101
2020-08-10,3 wk ahead inc death,2020-08-29,39,quantile,0.2,109
2020-08-10,3 wk ahead inc death,2020-08-29,39,quantile,0.25,116
2020-08-10,3 wk ahead inc death,2020-08-29,39,quantile,0.3,121
2020-08-10,3 wk ahead inc death,2020-08-29,39,quantile,0.35,127
2020-08-10,3 wk ahead inc death,2020-08-29,39,quantile,0.4,135
2020-08-10,3 wk ahead inc death,2020-08-29,39,quantile,0.45,143
2020-08-10,3 wk ahead inc death,2020-08-29,39,quantile,0.5,150
2020-08-10,3 wk ahead inc death,2020-08-29,39,quantile,0.55,158
2020-08-10,3 wk ahead inc death,2020-08-29,39,quantile,0.6,166
2020-08-10,3 wk ahead inc death,2020-08-29,39,quantile,0.65,173
2020-08-10,3 wk ahead inc death,2020-08-29,39,quantile,0.7,181
2020-08-10,3 wk ahead inc death,2020-08-29,39,quantile,0.75,191
2020-08-10,3 wk ahead inc death,2020-08-29,39,quantile,0.8,201
2020-08-10,3 wk ahead inc death,2020-08-29,39,quantile,0.85,214
2020-08-10,3 wk ahead inc death,2020-08-29,39,quantile,0.9,235
2020-08-10,3 wk ahead inc death,2020-08-29,39,quantile,0.95,265
2020-08-10,3 wk ahead inc death,2020-08-29,39,quantile,0.975,298
2020-08-10,3 wk ahead inc death,2020-08-29,39,quantile,0.99,338
2020-08-10,3 wk ahead inc death,2020-08-29,40,quantile,0.01,20
2020-08-10,3 wk ahead inc death,2020-08-29,40,quantile,0.025,22
2020-08-10,3 wk ahead inc death,2020-08-29,40,quantile,0.05,24
2020-08-10,3 wk ahead inc death,2020-08-29,40,quantile,0.1,28
2020-08-10,3 wk ahead inc death,2020-08-29,40,quantile,0.15,31
2020-08-10,3 wk ahead inc death,2020-08-29,40,quantile,0.2,34
2020-08-10,3 wk ahead inc death,2020-08-29,40,quantile,0.25,36
2020-08-10,3 wk ahead inc death,2020-08-29,40,quantile,0.3,38
2020-08-10,3 wk ahead inc death,2020-08-29,40,quantile,0.35,41
2020-08-10,3 wk ahead inc death,2020-08-29,40,quantile,0.4,44
2020-08-10,3 wk ahead inc death,2020-08-29,40,quantile,0.45,46
2020-08-10,3 wk ahead inc death,2020-08-29,40,quantile,0.5,49
2020-08-10,3 wk ahead inc death,2020-08-29,40,quantile,0.55,52
2020-08-10,3 wk ahead inc death,2020-08-29,40,quantile,0.6,54
2020-08-10,3 wk ahead inc death,2020-08-29,40,quantile,0.65,57
2020-08-10,3 wk ahead inc death,2020-08-29,40,quantile,0.7,60
2020-08-10,3 wk ahead inc death,2020-08-29,40,quantile,0.75,64
2020-08-10,3 wk ahead inc death,2020-08-29,40,quantile,0.8,68
2020-08-10,3 wk ahead inc death,2020-08-29,40,quantile,0.85,73
2020-08-10,3 wk ahead inc death,2020-08-29,40,quantile,0.9,82
2020-08-10,3 wk ahead inc death,2020-08-29,40,quantile,0.95,94
2020-08-10,3 wk ahead inc death,2020-08-29,40,quantile,0.975,105
2020-08-10,3 wk ahead inc death,2020-08-29,40,quantile,0.99,122
2020-08-10,3 wk ahead inc death,2020-08-29,41,quantile,0.01,10
2020-08-10,3 wk ahead inc death,2020-08-29,41,quantile,0.025,12
2020-08-10,3 wk ahead inc death,2020-08-29,41,quantile,0.05,14
2020-08-10,3 wk ahead inc death,2020-08-29,41,quantile,0.1,16
2020-08-10,3 wk ahead inc death,2020-08-29,41,quantile,0.15,18
2020-08-10,3 wk ahead inc death,2020-08-29,41,quantile,0.2,20
2020-08-10,3 wk ahead inc death,2020-08-29,41,quantile,0.25,22
2020-08-10,3 wk ahead inc death,2020-08-29,41,quantile,0.3,23
2020-08-10,3 wk ahead inc death,2020-08-29,41,quantile,0.35,25
2020-08-10,3 wk ahead inc death,2020-08-29,41,quantile,0.4,27
2020-08-10,3 wk ahead inc death,2020-08-29,41,quantile,0.45,28
2020-08-10,3 wk ahead inc death,2020-08-29,41,quantile,0.5,31
2020-08-10,3 wk ahead inc death,2020-08-29,41,quantile,0.55,33
2020-08-10,3 wk ahead inc death,2020-08-29,41,quantile,0.6,35
2020-08-10,3 wk ahead inc death,2020-08-29,41,quantile,0.65,36
2020-08-10,3 wk ahead inc death,2020-08-29,41,quantile,0.7,39
2020-08-10,3 wk ahead inc death,2020-08-29,41,quantile,0.75,41
2020-08-10,3 wk ahead inc death,2020-08-29,41,quantile,0.8,44
2020-08-10,3 wk ahead inc death,2020-08-29,41,quantile,0.85,47
2020-08-10,3 wk ahead inc death,2020-08-29,41,quantile,0.9,51
2020-08-10,3 wk ahead inc death,2020-08-29,41,quantile,0.95,59
2020-08-10,3 wk ahead inc death,2020-08-29,41,quantile,0.975,65
2020-08-10,3 wk ahead inc death,2020-08-29,41,quantile,0.99,75
2020-08-10,3 wk ahead inc death,2020-08-29,42,quantile,0.01,46
2020-08-10,3 wk ahead inc death,2020-08-29,42,quantile,0.025,51
2020-08-10,3 wk ahead inc death,2020-08-29,42,quantile,0.05,55
2020-08-10,3 wk ahead inc death,2020-08-29,42,quantile,0.1,61
2020-08-10,3 wk ahead inc death,2020-08-29,42,quantile,0.15,67
2020-08-10,3 wk ahead inc death,2020-08-29,42,quantile,0.2,71
2020-08-10,3 wk ahead inc death,2020-08-29,42,quantile,0.25,77
2020-08-10,3 wk ahead inc death,2020-08-29,42,quantile,0.3,80
2020-08-10,3 wk ahead inc death,2020-08-29,42,quantile,0.35,84
2020-08-10,3 wk ahead inc death,2020-08-29,42,quantile,0.4,90
2020-08-10,3 wk ahead inc death,2020-08-29,42,quantile,0.45,96
2020-08-10,3 wk ahead inc death,2020-08-29,42,quantile,0.5,102
2020-08-10,3 wk ahead inc death,2020-08-29,42,quantile,0.55,108
2020-08-10,3 wk ahead inc death,2020-08-29,42,quantile,0.6,114
2020-08-10,3 wk ahead inc death,2020-08-29,42,quantile,0.65,120
2020-08-10,3 wk ahead inc death,2020-08-29,42,quantile,0.7,125
2020-08-10,3 wk ahead inc death,2020-08-29,42,quantile,0.75,133
2020-08-10,3 wk ahead inc death,2020-08-29,42,quantile,0.8,141
2020-08-10,3 wk ahead inc death,2020-08-29,42,quantile,0.85,152
2020-08-10,3 wk ahead inc death,2020-08-29,42,quantile,0.9,164
2020-08-10,3 wk ahead inc death,2020-08-29,42,quantile,0.95,185
2020-08-10,3 wk ahead inc death,2020-08-29,42,quantile,0.975,204
2020-08-10,3 wk ahead inc death,2020-08-29,42,quantile,0.99,242
2020-08-10,3 wk ahead inc death,2020-08-29,44,quantile,0.01,1
2020-08-10,3 wk ahead inc death,2020-08-29,44,quantile,0.025,1
2020-08-10,3 wk ahead inc death,2020-08-29,44,quantile,0.05,2
2020-08-10,3 wk ahead inc death,2020-08-29,44,quantile,0.1,2
2020-08-10,3 wk ahead inc death,2020-08-29,44,quantile,0.15,3
2020-08-10,3 wk ahead inc death,2020-08-29,44,quantile,0.2,4
2020-08-10,3 wk ahead inc death,2020-08-29,44,quantile,0.25,4
2020-08-10,3 wk ahead inc death,2020-08-29,44,quantile,0.3,5
2020-08-10,3 wk ahead inc death,2020-08-29,44,quantile,0.35,5
2020-08-10,3 wk ahead inc death,2020-08-29,44,quantile,0.4,6
2020-08-10,3 wk ahead inc death,2020-08-29,44,quantile,0.45,7
2020-08-10,3 wk ahead inc death,2020-08-29,44,quantile,0.5,9
2020-08-10,3 wk ahead inc death,2020-08-29,44,quantile,0.55,11
2020-08-10,3 wk ahead inc death,2020-08-29,44,quantile,0.6,12
2020-08-10,3 wk ahead inc death,2020-08-29,44,quantile,0.65,13
2020-08-10,3 wk ahead inc death,2020-08-29,44,quantile,0.7,14
2020-08-10,3 wk ahead inc death,2020-08-29,44,quantile,0.75,16
2020-08-10,3 wk ahead inc death,2020-08-29,44,quantile,0.8,18
2020-08-10,3 wk ahead inc death,2020-08-29,44,quantile,0.85,20
2020-08-10,3 wk ahead inc death,2020-08-29,44,quantile,0.9,23
2020-08-10,3 wk ahead inc death,2020-08-29,44,quantile,0.95,29
2020-08-10,3 wk ahead inc death,2020-08-29,44,quantile,0.975,34
2020-08-10,3 wk ahead inc death,2020-08-29,44,quantile,0.99,42
2020-08-10,3 wk ahead inc death,2020-08-29,45,quantile,0.01,85
2020-08-10,3 wk ahead inc death,2020-08-29,45,quantile,0.025,94
2020-08-10,3 wk ahead inc death,2020-08-29,45,quantile,0.05,105
2020-08-10,3 wk ahead inc death,2020-08-29,45,quantile,0.1,116
2020-08-10,3 wk ahead inc death,2020-08-29,45,quantile,0.15,126
2020-08-10,3 wk ahead inc death,2020-08-29,45,quantile,0.2,135
2020-08-10,3 wk ahead inc death,2020-08-29,45,quantile,0.25,143
2020-08-10,3 wk ahead inc death,2020-08-29,45,quantile,0.3,152
2020-08-10,3 wk ahead inc death,2020-08-29,45,quantile,0.35,161
2020-08-10,3 wk ahead inc death,2020-08-29,45,quantile,0.4,172
2020-08-10,3 wk ahead inc death,2020-08-29,45,quantile,0.45,181
2020-08-10,3 wk ahead inc death,2020-08-29,45,quantile,0.5,190
2020-08-10,3 wk ahead inc death,2020-08-29,45,quantile,0.55,199
2020-08-10,3 wk ahead inc death,2020-08-29,45,quantile,0.6,208
2020-08-10,3 wk ahead inc death,2020-08-29,45,quantile,0.65,217
2020-08-10,3 wk ahead inc death,2020-08-29,45,quantile,0.7,226
2020-08-10,3 wk ahead inc death,2020-08-29,45,quantile,0.75,236
2020-08-10,3 wk ahead inc death,2020-08-29,45,quantile,0.8,249
2020-08-10,3 wk ahead inc death,2020-08-29,45,quantile,0.85,266
2020-08-10,3 wk ahead inc death,2020-08-29,45,quantile,0.9,287
2020-08-10,3 wk ahead inc death,2020-08-29,45,quantile,0.95,324
2020-08-10,3 wk ahead inc death,2020-08-29,45,quantile,0.975,355
2020-08-10,3 wk ahead inc death,2020-08-29,45,quantile,0.99,405
2020-08-10,3 wk ahead inc death,2020-08-29,46,quantile,0.01,4
2020-08-10,3 wk ahead inc death,2020-08-29,46,quantile,0.025,5
2020-08-10,3 wk ahead inc death,2020-08-29,46,quantile,0.05,6
2020-08-10,3 wk ahead inc death,2020-08-29,46,quantile,0.1,7
2020-08-10,3 wk ahead inc death,2020-08-29,46,quantile,0.15,8
2020-08-10,3 wk ahead inc death,2020-08-29,46,quantile,0.2,9
2020-08-10,3 wk ahead inc death,2020-08-29,46,quantile,0.25,9
2020-08-10,3 wk ahead inc death,2020-08-29,46,quantile,0.3,10
2020-08-10,3 wk ahead inc death,2020-08-29,46,quantile,0.35,11
2020-08-10,3 wk ahead inc death,2020-08-29,46,quantile,0.4,11
2020-08-10,3 wk ahead inc death,2020-08-29,46,quantile,0.45,12
2020-08-10,3 wk ahead inc death,2020-08-29,46,quantile,0.5,13
2020-08-10,3 wk ahead inc death,2020-08-29,46,quantile,0.55,15
2020-08-10,3 wk ahead inc death,2020-08-29,46,quantile,0.6,15
2020-08-10,3 wk ahead inc death,2020-08-29,46,quantile,0.65,16
2020-08-10,3 wk ahead inc death,2020-08-29,46,quantile,0.7,17
2020-08-10,3 wk ahead inc death,2020-08-29,46,quantile,0.75,18
2020-08-10,3 wk ahead inc death,2020-08-29,46,quantile,0.8,20
2020-08-10,3 wk ahead inc death,2020-08-29,46,quantile,0.85,21
2020-08-10,3 wk ahead inc death,2020-08-29,46,quantile,0.9,24
2020-08-10,3 wk ahead inc death,2020-08-29,46,quantile,0.95,29
2020-08-10,3 wk ahead inc death,2020-08-29,46,quantile,0.975,35
2020-08-10,3 wk ahead inc death,2020-08-29,46,quantile,0.99,43
2020-08-10,3 wk ahead inc death,2020-08-29,47,quantile,0.01,52
2020-08-10,3 wk ahead inc death,2020-08-29,47,quantile,0.025,57
2020-08-10,3 wk ahead inc death,2020-08-29,47,quantile,0.05,65
2020-08-10,3 wk ahead inc death,2020-08-29,47,quantile,0.1,73
2020-08-10,3 wk ahead inc death,2020-08-29,47,quantile,0.15,81
2020-08-10,3 wk ahead inc death,2020-08-29,47,quantile,0.2,87
2020-08-10,3 wk ahead inc death,2020-08-29,47,quantile,0.25,94
2020-08-10,3 wk ahead inc death,2020-08-29,47,quantile,0.3,100
2020-08-10,3 wk ahead inc death,2020-08-29,47,quantile,0.35,106
2020-08-10,3 wk ahead inc death,2020-08-29,47,quantile,0.4,116
2020-08-10,3 wk ahead inc death,2020-08-29,47,quantile,0.45,123
2020-08-10,3 wk ahead inc death,2020-08-29,47,quantile,0.5,131
2020-08-10,3 wk ahead inc death,2020-08-29,47,quantile,0.55,137
2020-08-10,3 wk ahead inc death,2020-08-29,47,quantile,0.6,143
2020-08-10,3 wk ahead inc death,2020-08-29,47,quantile,0.65,151
2020-08-10,3 wk ahead inc death,2020-08-29,47,quantile,0.7,159
2020-08-10,3 wk ahead inc death,2020-08-29,47,quantile,0.75,169
2020-08-10,3 wk ahead inc death,2020-08-29,47,quantile,0.8,179
2020-08-10,3 wk ahead inc death,2020-08-29,47,quantile,0.85,193
2020-08-10,3 wk ahead inc death,2020-08-29,47,quantile,0.9,214
2020-08-10,3 wk ahead inc death,2020-08-29,47,quantile,0.95,246
2020-08-10,3 wk ahead inc death,2020-08-29,47,quantile,0.975,273
2020-08-10,3 wk ahead inc death,2020-08-29,47,quantile,0.99,314
2020-08-10,3 wk ahead inc death,2020-08-29,48,quantile,0.01,568
2020-08-10,3 wk ahead inc death,2020-08-29,48,quantile,0.025,622
2020-08-10,3 wk ahead inc death,2020-08-29,48,quantile,0.05,672
2020-08-10,3 wk ahead inc death,2020-08-29,48,quantile,0.1,756
2020-08-10,3 wk ahead inc death,2020-08-29,48,quantile,0.15,818
2020-08-10,3 wk ahead inc death,2020-08-29,48,quantile,0.2,877
2020-08-10,3 wk ahead inc death,2020-08-29,48,quantile,0.25,920
2020-08-10,3 wk ahead inc death,2020-08-29,48,quantile,0.3,977
2020-08-10,3 wk ahead inc death,2020-08-29,48,quantile,0.35,1024
2020-08-10,3 wk ahead inc death,2020-08-29,48,quantile,0.4,1103
2020-08-10,3 wk ahead inc death,2020-08-29,48,quantile,0.45,1160
2020-08-10,3 wk ahead inc death,2020-08-29,48,quantile,0.5,1210
2020-08-10,3 wk ahead inc death,2020-08-29,48,quantile,0.55,1255
2020-08-10,3 wk ahead inc death,2020-08-29,48,quantile,0.6,1308
2020-08-10,3 wk ahead inc death,2020-08-29,48,quantile,0.65,1369
2020-08-10,3 wk ahead inc death,2020-08-29,48,quantile,0.7,1436
2020-08-10,3 wk ahead inc death,2020-08-29,48,quantile,0.75,1494
2020-08-10,3 wk ahead inc death,2020-08-29,48,quantile,0.8,1569
2020-08-10,3 wk ahead inc death,2020-08-29,48,quantile,0.85,1666
2020-08-10,3 wk ahead inc death,2020-08-29,48,quantile,0.9,1799
2020-08-10,3 wk ahead inc death,2020-08-29,48,quantile,0.95,2020
2020-08-10,3 wk ahead inc death,2020-08-29,48,quantile,0.975,2205
2020-08-10,3 wk ahead inc death,2020-08-29,48,quantile,0.99,2519
2020-08-10,3 wk ahead inc death,2020-08-29,49,quantile,0.01,8
2020-08-10,3 wk ahead inc death,2020-08-29,49,quantile,0.025,10
2020-08-10,3 wk ahead inc death,2020-08-29,49,quantile,0.05,11
2020-08-10,3 wk ahead inc death,2020-08-29,49,quantile,0.1,13
2020-08-10,3 wk ahead inc death,2020-08-29,49,quantile,0.15,15
2020-08-10,3 wk ahead inc death,2020-08-29,49,quantile,0.2,16
2020-08-10,3 wk ahead inc death,2020-08-29,49,quantile,0.25,17
2020-08-10,3 wk ahead inc death,2020-08-29,49,quantile,0.3,19
2020-08-10,3 wk ahead inc death,2020-08-29,49,quantile,0.35,20
2020-08-10,3 wk ahead inc death,2020-08-29,49,quantile,0.4,22
2020-08-10,3 wk ahead inc death,2020-08-29,49,quantile,0.45,23
2020-08-10,3 wk ahead inc death,2020-08-29,49,quantile,0.5,25
2020-08-10,3 wk ahead inc death,2020-08-29,49,quantile,0.55,26
2020-08-10,3 wk ahead inc death,2020-08-29,49,quantile,0.6,28
2020-08-10,3 wk ahead inc death,2020-08-29,49,quantile,0.65,29
2020-08-10,3 wk ahead inc death,2020-08-29,49,quantile,0.7,31
2020-08-10,3 wk ahead inc death,2020-08-29,49,quantile,0.75,33
2020-08-10,3 wk ahead inc death,2020-08-29,49,quantile,0.8,35
2020-08-10,3 wk ahead inc death,2020-08-29,49,quantile,0.85,38
2020-08-10,3 wk ahead inc death,2020-08-29,49,quantile,0.9,41
2020-08-10,3 wk ahead inc death,2020-08-29,49,quantile,0.95,46
2020-08-10,3 wk ahead inc death,2020-08-29,49,quantile,0.975,51
2020-08-10,3 wk ahead inc death,2020-08-29,49,quantile,0.99,56
2020-08-10,3 wk ahead inc death,2020-08-29,50,quantile,0.01,0
2020-08-10,3 wk ahead inc death,2020-08-29,50,quantile,0.025,0
2020-08-10,3 wk ahead inc death,2020-08-29,50,quantile,0.05,0
2020-08-10,3 wk ahead inc death,2020-08-29,50,quantile,0.1,0
2020-08-10,3 wk ahead inc death,2020-08-29,50,quantile,0.15,0
2020-08-10,3 wk ahead inc death,2020-08-29,50,quantile,0.2,0
2020-08-10,3 wk ahead inc death,2020-08-29,50,quantile,0.25,0
2020-08-10,3 wk ahead inc death,2020-08-29,50,quantile,0.3,0
2020-08-10,3 wk ahead inc death,2020-08-29,50,quantile,0.35,0
2020-08-10,3 wk ahead inc death,2020-08-29,50,quantile,0.4,0
2020-08-10,3 wk ahead inc death,2020-08-29,50,quantile,0.45,0
2020-08-10,3 wk ahead inc death,2020-08-29,50,quantile,0.5,1
2020-08-10,3 wk ahead inc death,2020-08-29,50,quantile,0.55,1
2020-08-10,3 wk ahead inc death,2020-08-29,50,quantile,0.6,1
2020-08-10,3 wk ahead inc death,2020-08-29,50,quantile,0.65,2
2020-08-10,3 wk ahead inc death,2020-08-29,50,quantile,0.7,2
2020-08-10,3 wk ahead inc death,2020-08-29,50,quantile,0.75,2
2020-08-10,3 wk ahead inc death,2020-08-29,50,quantile,0.8,2
2020-08-10,3 wk ahead inc death,2020-08-29,50,quantile,0.85,2
2020-08-10,3 wk ahead inc death,2020-08-29,50,quantile,0.9,2
2020-08-10,3 wk ahead inc death,2020-08-29,50,quantile,0.95,4
2020-08-10,3 wk ahead inc death,2020-08-29,50,quantile,0.975,4
2020-08-10,3 wk ahead inc death,2020-08-29,50,quantile,0.99,5
2020-08-10,3 wk ahead inc death,2020-08-29,51,quantile,0.01,42
2020-08-10,3 wk ahead inc death,2020-08-29,51,quantile,0.025,48
2020-08-10,3 wk ahead inc death,2020-08-29,51,quantile,0.05,55
2020-08-10,3 wk ahead inc death,2020-08-29,51,quantile,0.1,66
2020-08-10,3 wk ahead inc death,2020-08-29,51,quantile,0.15,76
2020-08-10,3 wk ahead inc death,2020-08-29,51,quantile,0.2,84
2020-08-10,3 wk ahead inc death,2020-08-29,51,quantile,0.25,92
2020-08-10,3 wk ahead inc death,2020-08-29,51,quantile,0.3,102
2020-08-10,3 wk ahead inc death,2020-08-29,51,quantile,0.35,110
2020-08-10,3 wk ahead inc death,2020-08-29,51,quantile,0.4,119
2020-08-10,3 wk ahead inc death,2020-08-29,51,quantile,0.45,128
2020-08-10,3 wk ahead inc death,2020-08-29,51,quantile,0.5,136
2020-08-10,3 wk ahead inc death,2020-08-29,51,quantile,0.55,145
2020-08-10,3 wk ahead inc death,2020-08-29,51,quantile,0.6,155
2020-08-10,3 wk ahead inc death,2020-08-29,51,quantile,0.65,164
2020-08-10,3 wk ahead inc death,2020-08-29,51,quantile,0.7,175
2020-08-10,3 wk ahead inc death,2020-08-29,51,quantile,0.75,187
2020-08-10,3 wk ahead inc death,2020-08-29,51,quantile,0.8,203
2020-08-10,3 wk ahead inc death,2020-08-29,51,quantile,0.85,221
2020-08-10,3 wk ahead inc death,2020-08-29,51,quantile,0.9,244
2020-08-10,3 wk ahead inc death,2020-08-29,51,quantile,0.95,283
2020-08-10,3 wk ahead inc death,2020-08-29,51,quantile,0.975,317
2020-08-10,3 wk ahead inc death,2020-08-29,51,quantile,0.99,369
2020-08-10,3 wk ahead inc death,2020-08-29,53,quantile,0.01,34
2020-08-10,3 wk ahead inc death,2020-08-29,53,quantile,0.025,40
2020-08-10,3 wk ahead inc death,2020-08-29,53,quantile,0.05,44
2020-08-10,3 wk ahead inc death,2020-08-29,53,quantile,0.1,50
2020-08-10,3 wk ahead inc death,2020-08-29,53,quantile,0.15,55
2020-08-10,3 wk ahead inc death,2020-08-29,53,quantile,0.2,59
2020-08-10,3 wk ahead inc death,2020-08-29,53,quantile,0.25,62
2020-08-10,3 wk ahead inc death,2020-08-29,53,quantile,0.3,65
2020-08-10,3 wk ahead inc death,2020-08-29,53,quantile,0.35,69
2020-08-10,3 wk ahead inc death,2020-08-29,53,quantile,0.4,72
2020-08-10,3 wk ahead inc death,2020-08-29,53,quantile,0.45,76
2020-08-10,3 wk ahead inc death,2020-08-29,53,quantile,0.5,80
2020-08-10,3 wk ahead inc death,2020-08-29,53,quantile,0.55,84
2020-08-10,3 wk ahead inc death,2020-08-29,53,quantile,0.6,88
2020-08-10,3 wk ahead inc death,2020-08-29,53,quantile,0.65,93
2020-08-10,3 wk ahead inc death,2020-08-29,53,quantile,0.7,98
2020-08-10,3 wk ahead inc death,2020-08-29,53,quantile,0.75,104
2020-08-10,3 wk ahead inc death,2020-08-29,53,quantile,0.8,111
2020-08-10,3 wk ahead inc death,2020-08-29,53,quantile,0.85,119
2020-08-10,3 wk ahead inc death,2020-08-29,53,quantile,0.9,131
2020-08-10,3 wk ahead inc death,2020-08-29,53,quantile,0.95,148
2020-08-10,3 wk ahead inc death,2020-08-29,53,quantile,0.975,163
2020-08-10,3 wk ahead inc death,2020-08-29,53,quantile,0.99,192
2020-08-10,3 wk ahead inc death,2020-08-29,54,quantile,0.01,5
2020-08-10,3 wk ahead inc death,2020-08-29,54,quantile,0.025,6
2020-08-10,3 wk ahead inc death,2020-08-29,54,quantile,0.05,7
2020-08-10,3 wk ahead inc death,2020-08-29,54,quantile,0.1,9
2020-08-10,3 wk ahead inc death,2020-08-29,54,quantile,0.15,11
2020-08-10,3 wk ahead inc death,2020-08-29,54,quantile,0.2,12
2020-08-10,3 wk ahead inc death,2020-08-29,54,quantile,0.25,14
2020-08-10,3 wk ahead inc death,2020-08-29,54,quantile,0.3,15
2020-08-10,3 wk ahead inc death,2020-08-29,54,quantile,0.35,17
2020-08-10,3 wk ahead inc death,2020-08-29,54,quantile,0.4,19
2020-08-10,3 wk ahead inc death,2020-08-29,54,quantile,0.45,20
2020-08-10,3 wk ahead inc death,2020-08-29,54,quantile,0.5,23
2020-08-10,3 wk ahead inc death,2020-08-29,54,quantile,0.55,25
2020-08-10,3 wk ahead inc death,2020-08-29,54,quantile,0.6,27
2020-08-10,3 wk ahead inc death,2020-08-29,54,quantile,0.65,30
2020-08-10,3 wk ahead inc death,2020-08-29,54,quantile,0.7,33
2020-08-10,3 wk ahead inc death,2020-08-29,54,quantile,0.75,37
2020-08-10,3 wk ahead inc death,2020-08-29,54,quantile,0.8,42
2020-08-10,3 wk ahead inc death,2020-08-29,54,quantile,0.85,47
2020-08-10,3 wk ahead inc death,2020-08-29,54,quantile,0.9,55
2020-08-10,3 wk ahead inc death,2020-08-29,54,quantile,0.95,69
2020-08-10,3 wk ahead inc death,2020-08-29,54,quantile,0.975,83
2020-08-10,3 wk ahead inc death,2020-08-29,54,quantile,0.99,121
2020-08-10,3 wk ahead inc death,2020-08-29,55,quantile,0.01,23
2020-08-10,3 wk ahead inc death,2020-08-29,55,quantile,0.025,26
2020-08-10,3 wk ahead inc death,2020-08-29,55,quantile,0.05,29
2020-08-10,3 wk ahead inc death,2020-08-29,55,quantile,0.1,34
2020-08-10,3 wk ahead inc death,2020-08-29,55,quantile,0.15,37
2020-08-10,3 wk ahead inc death,2020-08-29,55,quantile,0.2,40
2020-08-10,3 wk ahead inc death,2020-08-29,55,quantile,0.25,43
2020-08-10,3 wk ahead inc death,2020-08-29,55,quantile,0.3,47
2020-08-10,3 wk ahead inc death,2020-08-29,55,quantile,0.35,49
2020-08-10,3 wk ahead inc death,2020-08-29,55,quantile,0.4,53
2020-08-10,3 wk ahead inc death,2020-08-29,55,quantile,0.45,57
2020-08-10,3 wk ahead inc death,2020-08-29,55,quantile,0.5,61
2020-08-10,3 wk ahead inc death,2020-08-29,55,quantile,0.55,64
2020-08-10,3 wk ahead inc death,2020-08-29,55,quantile,0.6,68
2020-08-10,3 wk ahead inc death,2020-08-29,55,quantile,0.65,71
2020-08-10,3 wk ahead inc death,2020-08-29,55,quantile,0.7,75
2020-08-10,3 wk ahead inc death,2020-08-29,55,quantile,0.75,80
2020-08-10,3 wk ahead inc death,2020-08-29,55,quantile,0.8,85
2020-08-10,3 wk ahead inc death,2020-08-29,55,quantile,0.85,92
2020-08-10,3 wk ahead inc death,2020-08-29,55,quantile,0.9,101
2020-08-10,3 wk ahead inc death,2020-08-29,55,quantile,0.95,116
2020-08-10,3 wk ahead inc death,2020-08-29,55,quantile,0.975,133
2020-08-10,3 wk ahead inc death,2020-08-29,55,quantile,0.99,154
2020-08-10,3 wk ahead inc death,2020-08-29,56,quantile,0.01,0
2020-08-10,3 wk ahead inc death,2020-08-29,56,quantile,0.025,0
2020-08-10,3 wk ahead inc death,2020-08-29,56,quantile,0.05,0
2020-08-10,3 wk ahead inc death,2020-08-29,56,quantile,0.1,0
2020-08-10,3 wk ahead inc death,2020-08-29,56,quantile,0.15,0
2020-08-10,3 wk ahead inc death,2020-08-29,56,quantile,0.2,0
2020-08-10,3 wk ahead inc death,2020-08-29,56,quantile,0.25,0
2020-08-10,3 wk ahead inc death,2020-08-29,56,quantile,0.3,0
2020-08-10,3 wk ahead inc death,2020-08-29,56,quantile,0.35,1
2020-08-10,3 wk ahead inc death,2020-08-29,56,quantile,0.4,1
2020-08-10,3 wk ahead inc death,2020-08-29,56,quantile,0.45,1
2020-08-10,3 wk ahead inc death,2020-08-29,56,quantile,0.5,1
2020-08-10,3 wk ahead inc death,2020-08-29,56,quantile,0.55,2
2020-08-10,3 wk ahead inc death,2020-08-29,56,quantile,0.6,2
2020-08-10,3 wk ahead inc death,2020-08-29,56,quantile,0.65,2
2020-08-10,3 wk ahead inc death,2020-08-29,56,quantile,0.7,2
2020-08-10,3 wk ahead inc death,2020-08-29,56,quantile,0.75,3
2020-08-10,3 wk ahead inc death,2020-08-29,56,quantile,0.8,3
2020-08-10,3 wk ahead inc death,2020-08-29,56,quantile,0.85,3
2020-08-10,3 wk ahead inc death,2020-08-29,56,quantile,0.9,4
2020-08-10,3 wk ahead inc death,2020-08-29,56,quantile,0.95,5
2020-08-10,3 wk ahead inc death,2020-08-29,56,quantile,0.975,5
2020-08-10,3 wk ahead inc death,2020-08-29,56,quantile,0.99,7
2020-08-10,3 wk ahead inc death,2020-08-29,72,quantile,0.01,16
2020-08-10,3 wk ahead inc death,2020-08-29,72,quantile,0.025,20
2020-08-10,3 wk ahead inc death,2020-08-29,72,quantile,0.05,24
2020-08-10,3 wk ahead inc death,2020-08-29,72,quantile,0.1,29
2020-08-10,3 wk ahead inc death,2020-08-29,72,quantile,0.15,35
2020-08-10,3 wk ahead inc death,2020-08-29,72,quantile,0.2,39
2020-08-10,3 wk ahead inc death,2020-08-29,72,quantile,0.25,43
2020-08-10,3 wk ahead inc death,2020-08-29,72,quantile,0.3,47
2020-08-10,3 wk ahead inc death,2020-08-29,72,quantile,0.35,52
2020-08-10,3 wk ahead inc death,2020-08-29,72,quantile,0.4,56
2020-08-10,3 wk ahead inc death,2020-08-29,72,quantile,0.45,60
2020-08-10,3 wk ahead inc death,2020-08-29,72,quantile,0.5,66
2020-08-10,3 wk ahead inc death,2020-08-29,72,quantile,0.55,71
2020-08-10,3 wk ahead inc death,2020-08-29,72,quantile,0.6,77
2020-08-10,3 wk ahead inc death,2020-08-29,72,quantile,0.65,83
2020-08-10,3 wk ahead inc death,2020-08-29,72,quantile,0.7,91
2020-08-10,3 wk ahead inc death,2020-08-29,72,quantile,0.75,98
2020-08-10,3 wk ahead inc death,2020-08-29,72,quantile,0.8,108
2020-08-10,3 wk ahead inc death,2020-08-29,72,quantile,0.85,121
2020-08-10,3 wk ahead inc death,2020-08-29,72,quantile,0.9,136
2020-08-10,3 wk ahead inc death,2020-08-29,72,quantile,0.95,161
2020-08-10,3 wk ahead inc death,2020-08-29,72,quantile,0.975,187
2020-08-10,3 wk ahead inc death,2020-08-29,72,quantile,0.99,220
2020-08-10,3 wk ahead inc death,2020-08-29,60,quantile,0.01,0
2020-08-10,3 wk ahead inc death,2020-08-29,60,quantile,0.025,0
2020-08-10,3 wk ahead inc death,2020-08-29,60,quantile,0.05,0
2020-08-10,3 wk ahead inc death,2020-08-29,60,quantile,0.1,0
2020-08-10,3 wk ahead inc death,2020-08-29,60,quantile,0.15,0
2020-08-10,3 wk ahead inc death,2020-08-29,60,quantile,0.2,0
2020-08-10,3 wk ahead inc death,2020-08-29,60,quantile,0.25,0
2020-08-10,3 wk ahead inc death,2020-08-29,60,quantile,0.3,0
2020-08-10,3 wk ahead inc death,2020-08-29,60,quantile,0.35,0
2020-08-10,3 wk ahead inc death,2020-08-29,60,quantile,0.4,0
2020-08-10,3 wk ahead inc death,2020-08-29,60,quantile,0.45,0
2020-08-10,3 wk ahead inc death,2020-08-29,60,quantile,0.5,0
2020-08-10,3 wk ahead inc death,2020-08-29,60,quantile,0.55,0
2020-08-10,3 wk ahead inc death,2020-08-29,60,quantile,0.6,0
2020-08-10,3 wk ahead inc death,2020-08-29,60,quantile,0.65,0
2020-08-10,3 wk ahead inc death,2020-08-29,60,quantile,0.7,0
2020-08-10,3 wk ahead inc death,2020-08-29,60,quantile,0.75,0
2020-08-10,3 wk ahead inc death,2020-08-29,60,quantile,0.8,0
2020-08-10,3 wk ahead inc death,2020-08-29,60,quantile,0.85,0
2020-08-10,3 wk ahead inc death,2020-08-29,60,quantile,0.9,0
2020-08-10,3 wk ahead inc death,2020-08-29,60,quantile,0.95,0
2020-08-10,3 wk ahead inc death,2020-08-29,60,quantile,0.975,0
2020-08-10,3 wk ahead inc death,2020-08-29,60,quantile,0.99,0
2020-08-10,3 wk ahead inc death,2020-08-29,66,quantile,0.01,0
2020-08-10,3 wk ahead inc death,2020-08-29,66,quantile,0.025,0
2020-08-10,3 wk ahead inc death,2020-08-29,66,quantile,0.05,0
2020-08-10,3 wk ahead inc death,2020-08-29,66,quantile,0.1,0
2020-08-10,3 wk ahead inc death,2020-08-29,66,quantile,0.15,0
2020-08-10,3 wk ahead inc death,2020-08-29,66,quantile,0.2,0
2020-08-10,3 wk ahead inc death,2020-08-29,66,quantile,0.25,0
2020-08-10,3 wk ahead inc death,2020-08-29,66,quantile,0.3,0
2020-08-10,3 wk ahead inc death,2020-08-29,66,quantile,0.35,0
2020-08-10,3 wk ahead inc death,2020-08-29,66,quantile,0.4,0
2020-08-10,3 wk ahead inc death,2020-08-29,66,quantile,0.45,0
2020-08-10,3 wk ahead inc death,2020-08-29,66,quantile,0.5,0
2020-08-10,3 wk ahead inc death,2020-08-29,66,quantile,0.55,1
2020-08-10,3 wk ahead inc death,2020-08-29,66,quantile,0.6,1
2020-08-10,3 wk ahead inc death,2020-08-29,66,quantile,0.65,1
2020-08-10,3 wk ahead inc death,2020-08-29,66,quantile,0.7,1
2020-08-10,3 wk ahead inc death,2020-08-29,66,quantile,0.75,1
2020-08-10,3 wk ahead inc death,2020-08-29,66,quantile,0.8,1
2020-08-10,3 wk ahead inc death,2020-08-29,66,quantile,0.85,1
2020-08-10,3 wk ahead inc death,2020-08-29,66,quantile,0.9,2
2020-08-10,3 wk ahead inc death,2020-08-29,66,quantile,0.95,2
2020-08-10,3 wk ahead inc death,2020-08-29,66,quantile,0.975,3
2020-08-10,3 wk ahead inc death,2020-08-29,66,quantile,0.99,4
2020-08-10,3 wk ahead inc death,2020-08-29,69,quantile,0.01,0
2020-08-10,3 wk ahead inc death,2020-08-29,69,quantile,0.025,0
2020-08-10,3 wk ahead inc death,2020-08-29,69,quantile,0.05,0
2020-08-10,3 wk ahead inc death,2020-08-29,69,quantile,0.1,0
2020-08-10,3 wk ahead inc death,2020-08-29,69,quantile,0.15,0
2020-08-10,3 wk ahead inc death,2020-08-29,69,quantile,0.2,0
2020-08-10,3 wk ahead inc death,2020-08-29,69,quantile,0.25,0
2020-08-10,3 wk ahead inc death,2020-08-29,69,quantile,0.3,0
2020-08-10,3 wk ahead inc death,2020-08-29,69,quantile,0.35,0
2020-08-10,3 wk ahead inc death,2020-08-29,69,quantile,0.4,0
2020-08-10,3 wk ahead inc death,2020-08-29,69,quantile,0.45,0
2020-08-10,3 wk ahead inc death,2020-08-29,69,quantile,0.5,0
2020-08-10,3 wk ahead inc death,2020-08-29,69,quantile,0.55,1
2020-08-10,3 wk ahead inc death,2020-08-29,69,quantile,0.6,1
2020-08-10,3 wk ahead inc death,2020-08-29,69,quantile,0.65,1
2020-08-10,3 wk ahead inc death,2020-08-29,69,quantile,0.7,1
2020-08-10,3 wk ahead inc death,2020-08-29,69,quantile,0.75,1
2020-08-10,3 wk ahead inc death,2020-08-29,69,quantile,0.8,1
2020-08-10,3 wk ahead inc death,2020-08-29,69,quantile,0.85,1
2020-08-10,3 wk ahead inc death,2020-08-29,69,quantile,0.9,1
2020-08-10,3 wk ahead inc death,2020-08-29,69,quantile,0.95,1
2020-08-10,3 wk ahead inc death,2020-08-29,69,quantile,0.975,1
2020-08-10,3 wk ahead inc death,2020-08-29,69,quantile,0.99,1
2020-08-10,3 wk ahead inc death,2020-08-29,78,quantile,0.01,0
2020-08-10,3 wk ahead inc death,2020-08-29,78,quantile,0.025,0
2020-08-10,3 wk ahead inc death,2020-08-29,78,quantile,0.05,0
2020-08-10,3 wk ahead inc death,2020-08-29,78,quantile,0.1,0
2020-08-10,3 wk ahead inc death,2020-08-29,78,quantile,0.15,0
2020-08-10,3 wk ahead inc death,2020-08-29,78,quantile,0.2,0
2020-08-10,3 wk ahead inc death,2020-08-29,78,quantile,0.25,0
2020-08-10,3 wk ahead inc death,2020-08-29,78,quantile,0.3,0
2020-08-10,3 wk ahead inc death,2020-08-29,78,quantile,0.35,0
2020-08-10,3 wk ahead inc death,2020-08-29,78,quantile,0.4,1
2020-08-10,3 wk ahead inc death,2020-08-29,78,quantile,0.45,1
2020-08-10,3 wk ahead inc death,2020-08-29,78,quantile,0.5,1
2020-08-10,3 wk ahead inc death,2020-08-29,78,quantile,0.55,2
2020-08-10,3 wk ahead inc death,2020-08-29,78,quantile,0.6,2
2020-08-10,3 wk ahead inc death,2020-08-29,78,quantile,0.65,2
2020-08-10,3 wk ahead inc death,2020-08-29,78,quantile,0.7,3
2020-08-10,3 wk ahead inc death,2020-08-29,78,quantile,0.75,3
2020-08-10,3 wk ahead inc death,2020-08-29,78,quantile,0.8,4
2020-08-10,3 wk ahead inc death,2020-08-29,78,quantile,0.85,5
2020-08-10,3 wk ahead inc death,2020-08-29,78,quantile,0.9,5
2020-08-10,3 wk ahead inc death,2020-08-29,78,quantile,0.95,7
2020-08-10,3 wk ahead inc death,2020-08-29,78,quantile,0.975,10
2020-08-10,3 wk ahead inc death,2020-08-29,78,quantile,0.99,13
2020-08-10,4 wk ahead inc death,2020-09-05,11,quantile,0.01,2
2020-08-10,4 wk ahead inc death,2020-09-05,11,quantile,0.025,2
2020-08-10,4 wk ahead inc death,2020-09-05,11,quantile,0.05,3
2020-08-10,4 wk ahead inc death,2020-09-05,11,quantile,0.1,3
2020-08-10,4 wk ahead inc death,2020-09-05,11,quantile,0.15,4
2020-08-10,4 wk ahead inc death,2020-09-05,11,quantile,0.2,4
2020-08-10,4 wk ahead inc death,2020-09-05,11,quantile,0.25,5
2020-08-10,4 wk ahead inc death,2020-09-05,11,quantile,0.3,5
2020-08-10,4 wk ahead inc death,2020-09-05,11,quantile,0.35,6
2020-08-10,4 wk ahead inc death,2020-09-05,11,quantile,0.4,6
2020-08-10,4 wk ahead inc death,2020-09-05,11,quantile,0.45,7
2020-08-10,4 wk ahead inc death,2020-09-05,11,quantile,0.5,9
2020-08-10,4 wk ahead inc death,2020-09-05,11,quantile,0.55,10
2020-08-10,4 wk ahead inc death,2020-09-05,11,quantile,0.6,11
2020-08-10,4 wk ahead inc death,2020-09-05,11,quantile,0.65,12
2020-08-10,4 wk ahead inc death,2020-09-05,11,quantile,0.7,13
2020-08-10,4 wk ahead inc death,2020-09-05,11,quantile,0.75,14
2020-08-10,4 wk ahead inc death,2020-09-05,11,quantile,0.8,15
2020-08-10,4 wk ahead inc death,2020-09-05,11,quantile,0.85,17
2020-08-10,4 wk ahead inc death,2020-09-05,11,quantile,0.9,19
2020-08-10,4 wk ahead inc death,2020-09-05,11,quantile,0.95,22
2020-08-10,4 wk ahead inc death,2020-09-05,11,quantile,0.975,25
2020-08-10,4 wk ahead inc death,2020-09-05,11,quantile,0.99,30
2020-08-10,4 wk ahead inc death,2020-09-05,01,quantile,0.01,51
2020-08-10,4 wk ahead inc death,2020-09-05,01,quantile,0.025,57
2020-08-10,4 wk ahead inc death,2020-09-05,01,quantile,0.05,65
2020-08-10,4 wk ahead inc death,2020-09-05,01,quantile,0.1,75
2020-08-10,4 wk ahead inc death,2020-09-05,01,quantile,0.15,83
2020-08-10,4 wk ahead inc death,2020-09-05,01,quantile,0.2,91
2020-08-10,4 wk ahead inc death,2020-09-05,01,quantile,0.25,99
2020-08-10,4 wk ahead inc death,2020-09-05,01,quantile,0.3,106
2020-08-10,4 wk ahead inc death,2020-09-05,01,quantile,0.35,113
2020-08-10,4 wk ahead inc death,2020-09-05,01,quantile,0.4,125
2020-08-10,4 wk ahead inc death,2020-09-05,01,quantile,0.45,134
2020-08-10,4 wk ahead inc death,2020-09-05,01,quantile,0.5,141
2020-08-10,4 wk ahead inc death,2020-09-05,01,quantile,0.55,151
2020-08-10,4 wk ahead inc death,2020-09-05,01,quantile,0.6,160
2020-08-10,4 wk ahead inc death,2020-09-05,01,quantile,0.65,168
2020-08-10,4 wk ahead inc death,2020-09-05,01,quantile,0.7,178
2020-08-10,4 wk ahead inc death,2020-09-05,01,quantile,0.75,189
2020-08-10,4 wk ahead inc death,2020-09-05,01,quantile,0.8,205
2020-08-10,4 wk ahead inc death,2020-09-05,01,quantile,0.85,225
2020-08-10,4 wk ahead inc death,2020-09-05,01,quantile,0.9,257
2020-08-10,4 wk ahead inc death,2020-09-05,01,quantile,0.95,312
2020-08-10,4 wk ahead inc death,2020-09-05,01,quantile,0.975,375
2020-08-10,4 wk ahead inc death,2020-09-05,01,quantile,0.99,453
2020-08-10,4 wk ahead inc death,2020-09-05,02,quantile,0.01,0
2020-08-10,4 wk ahead inc death,2020-09-05,02,quantile,0.025,0
2020-08-10,4 wk ahead inc death,2020-09-05,02,quantile,0.05,0
2020-08-10,4 wk ahead inc death,2020-09-05,02,quantile,0.1,0
2020-08-10,4 wk ahead inc death,2020-09-05,02,quantile,0.15,0
2020-08-10,4 wk ahead inc death,2020-09-05,02,quantile,0.2,1
2020-08-10,4 wk ahead inc death,2020-09-05,02,quantile,0.25,1
2020-08-10,4 wk ahead inc death,2020-09-05,02,quantile,0.3,1
2020-08-10,4 wk ahead inc death,2020-09-05,02,quantile,0.35,1
2020-08-10,4 wk ahead inc death,2020-09-05,02,quantile,0.4,1
2020-08-10,4 wk ahead inc death,2020-09-05,02,quantile,0.45,1
2020-08-10,4 wk ahead inc death,2020-09-05,02,quantile,0.5,2
2020-08-10,4 wk ahead inc death,2020-09-05,02,quantile,0.55,3
2020-08-10,4 wk ahead inc death,2020-09-05,02,quantile,0.6,4
2020-08-10,4 wk ahead inc death,2020-09-05,02,quantile,0.65,4
2020-08-10,4 wk ahead inc death,2020-09-05,02,quantile,0.7,4
2020-08-10,4 wk ahead inc death,2020-09-05,02,quantile,0.75,5
2020-08-10,4 wk ahead inc death,2020-09-05,02,quantile,0.8,5
2020-08-10,4 wk ahead inc death,2020-09-05,02,quantile,0.85,6
2020-08-10,4 wk ahead inc death,2020-09-05,02,quantile,0.9,7
2020-08-10,4 wk ahead inc death,2020-09-05,02,quantile,0.95,8
2020-08-10,4 wk ahead inc death,2020-09-05,02,quantile,0.975,10
2020-08-10,4 wk ahead inc death,2020-09-05,02,quantile,0.99,11
2020-08-10,4 wk ahead inc death,2020-09-05,04,quantile,0.01,68
2020-08-10,4 wk ahead inc death,2020-09-05,04,quantile,0.025,78
2020-08-10,4 wk ahead inc death,2020-09-05,04,quantile,0.05,87
2020-08-10,4 wk ahead inc death,2020-09-05,04,quantile,0.1,100
2020-08-10,4 wk ahead inc death,2020-09-05,04,quantile,0.15,112
2020-08-10,4 wk ahead inc death,2020-09-05,04,quantile,0.2,120
2020-08-10,4 wk ahead inc death,2020-09-05,04,quantile,0.25,129
2020-08-10,4 wk ahead inc death,2020-09-05,04,quantile,0.3,138
2020-08-10,4 wk ahead inc death,2020-09-05,04,quantile,0.35,147
2020-08-10,4 wk ahead inc death,2020-09-05,04,quantile,0.4,157
2020-08-10,4 wk ahead inc death,2020-09-05,04,quantile,0.45,166
2020-08-10,4 wk ahead inc death,2020-09-05,04,quantile,0.5,175
2020-08-10,4 wk ahead inc death,2020-09-05,04,quantile,0.55,186
2020-08-10,4 wk ahead inc death,2020-09-05,04,quantile,0.6,197
2020-08-10,4 wk ahead inc death,2020-09-05,04,quantile,0.65,208
2020-08-10,4 wk ahead inc death,2020-09-05,04,quantile,0.7,222
2020-08-10,4 wk ahead inc death,2020-09-05,04,quantile,0.75,238
2020-08-10,4 wk ahead inc death,2020-09-05,04,quantile,0.8,257
2020-08-10,4 wk ahead inc death,2020-09-05,04,quantile,0.85,280
2020-08-10,4 wk ahead inc death,2020-09-05,04,quantile,0.9,312
2020-08-10,4 wk ahead inc death,2020-09-05,04,quantile,0.95,375
2020-08-10,4 wk ahead inc death,2020-09-05,04,quantile,0.975,438
2020-08-10,4 wk ahead inc death,2020-09-05,04,quantile,0.99,586
2020-08-10,4 wk ahead inc death,2020-09-05,05,quantile,0.01,19
2020-08-10,4 wk ahead inc death,2020-09-05,05,quantile,0.025,23
2020-08-10,4 wk ahead inc death,2020-09-05,05,quantile,0.05,28
2020-08-10,4 wk ahead inc death,2020-09-05,05,quantile,0.1,35
2020-08-10,4 wk ahead inc death,2020-09-05,05,quantile,0.15,41
2020-08-10,4 wk ahead inc death,2020-09-05,05,quantile,0.2,46
2020-08-10,4 wk ahead inc death,2020-09-05,05,quantile,0.25,50
2020-08-10,4 wk ahead inc death,2020-09-05,05,quantile,0.3,55
2020-08-10,4 wk ahead inc death,2020-09-05,05,quantile,0.35,60
2020-08-10,4 wk ahead inc death,2020-09-05,05,quantile,0.4,64
2020-08-10,4 wk ahead inc death,2020-09-05,05,quantile,0.45,71
2020-08-10,4 wk ahead inc death,2020-09-05,05,quantile,0.5,76
2020-08-10,4 wk ahead inc death,2020-09-05,05,quantile,0.55,81
2020-08-10,4 wk ahead inc death,2020-09-05,05,quantile,0.6,87
2020-08-10,4 wk ahead inc death,2020-09-05,05,quantile,0.65,92
2020-08-10,4 wk ahead inc death,2020-09-05,05,quantile,0.7,98
2020-08-10,4 wk ahead inc death,2020-09-05,05,quantile,0.75,105
2020-08-10,4 wk ahead inc death,2020-09-05,05,quantile,0.8,112
2020-08-10,4 wk ahead inc death,2020-09-05,05,quantile,0.85,122
2020-08-10,4 wk ahead inc death,2020-09-05,05,quantile,0.9,135
2020-08-10,4 wk ahead inc death,2020-09-05,05,quantile,0.95,158
2020-08-10,4 wk ahead inc death,2020-09-05,05,quantile,0.975,185
2020-08-10,4 wk ahead inc death,2020-09-05,05,quantile,0.99,279
2020-08-10,4 wk ahead inc death,2020-09-05,06,quantile,0.01,314
2020-08-10,4 wk ahead inc death,2020-09-05,06,quantile,0.025,357
2020-08-10,4 wk ahead inc death,2020-09-05,06,quantile,0.05,391
2020-08-10,4 wk ahead inc death,2020-09-05,06,quantile,0.1,433
2020-08-10,4 wk ahead inc death,2020-09-05,06,quantile,0.15,474
2020-08-10,4 wk ahead inc death,2020-09-05,06,quantile,0.2,514
2020-08-10,4 wk ahead inc death,2020-09-05,06,quantile,0.25,549
2020-08-10,4 wk ahead inc death,2020-09-05,06,quantile,0.3,589
2020-08-10,4 wk ahead inc death,2020-09-05,06,quantile,0.35,620
2020-08-10,4 wk ahead inc death,2020-09-05,06,quantile,0.4,670
2020-08-10,4 wk ahead inc death,2020-09-05,06,quantile,0.45,708
2020-08-10,4 wk ahead inc death,2020-09-05,06,quantile,0.5,741
2020-08-10,4 wk ahead inc death,2020-09-05,06,quantile,0.55,778
2020-08-10,4 wk ahead inc death,2020-09-05,06,quantile,0.6,809
2020-08-10,4 wk ahead inc death,2020-09-05,06,quantile,0.65,851
2020-08-10,4 wk ahead inc death,2020-09-05,06,quantile,0.7,898
2020-08-10,4 wk ahead inc death,2020-09-05,06,quantile,0.75,945
2020-08-10,4 wk ahead inc death,2020-09-05,06,quantile,0.8,998
2020-08-10,4 wk ahead inc death,2020-09-05,06,quantile,0.85,1074
2020-08-10,4 wk ahead inc death,2020-09-05,06,quantile,0.9,1176
2020-08-10,4 wk ahead inc death,2020-09-05,06,quantile,0.95,1343
2020-08-10,4 wk ahead inc death,2020-09-05,06,quantile,0.975,1518
2020-08-10,4 wk ahead inc death,2020-09-05,06,quantile,0.99,1767
2020-08-10,4 wk ahead inc death,2020-09-05,08,quantile,0.01,10
2020-08-10,4 wk ahead inc death,2020-09-05,08,quantile,0.025,11
2020-08-10,4 wk ahead inc death,2020-09-05,08,quantile,0.05,13
2020-08-10,4 wk ahead inc death,2020-09-05,08,quantile,0.1,16
2020-08-10,4 wk ahead inc death,2020-09-05,08,quantile,0.15,18
2020-08-10,4 wk ahead inc death,2020-09-05,08,quantile,0.2,19
2020-08-10,4 wk ahead inc death,2020-09-05,08,quantile,0.25,22
2020-08-10,4 wk ahead inc death,2020-09-05,08,quantile,0.3,23
2020-08-10,4 wk ahead inc death,2020-09-05,08,quantile,0.35,25
2020-08-10,4 wk ahead inc death,2020-09-05,08,quantile,0.4,28
2020-08-10,4 wk ahead inc death,2020-09-05,08,quantile,0.45,30
2020-08-10,4 wk ahead inc death,2020-09-05,08,quantile,0.5,32
2020-08-10,4 wk ahead inc death,2020-09-05,08,quantile,0.55,35
2020-08-10,4 wk ahead inc death,2020-09-05,08,quantile,0.6,37
2020-08-10,4 wk ahead inc death,2020-09-05,08,quantile,0.65,40
2020-08-10,4 wk ahead inc death,2020-09-05,08,quantile,0.7,43
2020-08-10,4 wk ahead inc death,2020-09-05,08,quantile,0.75,46
2020-08-10,4 wk ahead inc death,2020-09-05,08,quantile,0.8,50
2020-08-10,4 wk ahead inc death,2020-09-05,08,quantile,0.85,55
2020-08-10,4 wk ahead inc death,2020-09-05,08,quantile,0.9,62
2020-08-10,4 wk ahead inc death,2020-09-05,08,quantile,0.95,74
2020-08-10,4 wk ahead inc death,2020-09-05,08,quantile,0.975,85
2020-08-10,4 wk ahead inc death,2020-09-05,08,quantile,0.99,100
2020-08-10,4 wk ahead inc death,2020-09-05,09,quantile,0.01,3
2020-08-10,4 wk ahead inc death,2020-09-05,09,quantile,0.025,3
2020-08-10,4 wk ahead inc death,2020-09-05,09,quantile,0.05,3
2020-08-10,4 wk ahead inc death,2020-09-05,09,quantile,0.1,4
2020-08-10,4 wk ahead inc death,2020-09-05,09,quantile,0.15,4
2020-08-10,4 wk ahead inc death,2020-09-05,09,quantile,0.2,4
2020-08-10,4 wk ahead inc death,2020-09-05,09,quantile,0.25,5
2020-08-10,4 wk ahead inc death,2020-09-05,09,quantile,0.3,5
2020-08-10,4 wk ahead inc death,2020-09-05,09,quantile,0.35,6
2020-08-10,4 wk ahead inc death,2020-09-05,09,quantile,0.4,6
2020-08-10,4 wk ahead inc death,2020-09-05,09,quantile,0.45,7
2020-08-10,4 wk ahead inc death,2020-09-05,09,quantile,0.5,9
2020-08-10,4 wk ahead inc death,2020-09-05,09,quantile,0.55,10
2020-08-10,4 wk ahead inc death,2020-09-05,09,quantile,0.6,12
2020-08-10,4 wk ahead inc death,2020-09-05,09,quantile,0.65,13
2020-08-10,4 wk ahead inc death,2020-09-05,09,quantile,0.7,15
2020-08-10,4 wk ahead inc death,2020-09-05,09,quantile,0.75,16
2020-08-10,4 wk ahead inc death,2020-09-05,09,quantile,0.8,18
2020-08-10,4 wk ahead inc death,2020-09-05,09,quantile,0.85,20
2020-08-10,4 wk ahead inc death,2020-09-05,09,quantile,0.9,24
2020-08-10,4 wk ahead inc death,2020-09-05,09,quantile,0.95,29
2020-08-10,4 wk ahead inc death,2020-09-05,09,quantile,0.975,34
2020-08-10,4 wk ahead inc death,2020-09-05,09,quantile,0.99,41
2020-08-10,4 wk ahead inc death,2020-09-05,10,quantile,0.01,2
2020-08-10,4 wk ahead inc death,2020-09-05,10,quantile,0.025,2
2020-08-10,4 wk ahead inc death,2020-09-05,10,quantile,0.05,2
2020-08-10,4 wk ahead inc death,2020-09-05,10,quantile,0.1,2
2020-08-10,4 wk ahead inc death,2020-09-05,10,quantile,0.15,3
2020-08-10,4 wk ahead inc death,2020-09-05,10,quantile,0.2,3
2020-08-10,4 wk ahead inc death,2020-09-05,10,quantile,0.25,3
2020-08-10,4 wk ahead inc death,2020-09-05,10,quantile,0.3,4
2020-08-10,4 wk ahead inc death,2020-09-05,10,quantile,0.35,5
2020-08-10,4 wk ahead inc death,2020-09-05,10,quantile,0.4,6
2020-08-10,4 wk ahead inc death,2020-09-05,10,quantile,0.45,6
2020-08-10,4 wk ahead inc death,2020-09-05,10,quantile,0.5,7
2020-08-10,4 wk ahead inc death,2020-09-05,10,quantile,0.55,9
2020-08-10,4 wk ahead inc death,2020-09-05,10,quantile,0.6,10
2020-08-10,4 wk ahead inc death,2020-09-05,10,quantile,0.65,11
2020-08-10,4 wk ahead inc death,2020-09-05,10,quantile,0.7,12
2020-08-10,4 wk ahead inc death,2020-09-05,10,quantile,0.75,13
2020-08-10,4 wk ahead inc death,2020-09-05,10,quantile,0.8,15
2020-08-10,4 wk ahead inc death,2020-09-05,10,quantile,0.85,16
2020-08-10,4 wk ahead inc death,2020-09-05,10,quantile,0.9,19
2020-08-10,4 wk ahead inc death,2020-09-05,10,quantile,0.95,23
2020-08-10,4 wk ahead inc death,2020-09-05,10,quantile,0.975,28
2020-08-10,4 wk ahead inc death,2020-09-05,10,quantile,0.99,36
2020-08-10,4 wk ahead inc death,2020-09-05,12,quantile,0.01,340
2020-08-10,4 wk ahead inc death,2020-09-05,12,quantile,0.025,374
2020-08-10,4 wk ahead inc death,2020-09-05,12,quantile,0.05,413
2020-08-10,4 wk ahead inc death,2020-09-05,12,quantile,0.1,479
2020-08-10,4 wk ahead inc death,2020-09-05,12,quantile,0.15,528
2020-08-10,4 wk ahead inc death,2020-09-05,12,quantile,0.2,562
2020-08-10,4 wk ahead inc death,2020-09-05,12,quantile,0.25,593
2020-08-10,4 wk ahead inc death,2020-09-05,12,quantile,0.3,641
2020-08-10,4 wk ahead inc death,2020-09-05,12,quantile,0.35,677
2020-08-10,4 wk ahead inc death,2020-09-05,12,quantile,0.4,719
2020-08-10,4 wk ahead inc death,2020-09-05,12,quantile,0.45,751
2020-08-10,4 wk ahead inc death,2020-09-05,12,quantile,0.5,785
2020-08-10,4 wk ahead inc death,2020-09-05,12,quantile,0.55,826
2020-08-10,4 wk ahead inc death,2020-09-05,12,quantile,0.6,869
2020-08-10,4 wk ahead inc death,2020-09-05,12,quantile,0.65,916
2020-08-10,4 wk ahead inc death,2020-09-05,12,quantile,0.7,966
2020-08-10,4 wk ahead inc death,2020-09-05,12,quantile,0.75,1024
2020-08-10,4 wk ahead inc death,2020-09-05,12,quantile,0.8,1093
2020-08-10,4 wk ahead inc death,2020-09-05,12,quantile,0.85,1181
2020-08-10,4 wk ahead inc death,2020-09-05,12,quantile,0.9,1320
2020-08-10,4 wk ahead inc death,2020-09-05,12,quantile,0.95,1567
2020-08-10,4 wk ahead inc death,2020-09-05,12,quantile,0.975,1892
2020-08-10,4 wk ahead inc death,2020-09-05,12,quantile,0.99,2270
2020-08-10,4 wk ahead inc death,2020-09-05,13,quantile,0.01,120
2020-08-10,4 wk ahead inc death,2020-09-05,13,quantile,0.025,136
2020-08-10,4 wk ahead inc death,2020-09-05,13,quantile,0.05,150
2020-08-10,4 wk ahead inc death,2020-09-05,13,quantile,0.1,168
2020-08-10,4 wk ahead inc death,2020-09-05,13,quantile,0.15,182
2020-08-10,4 wk ahead inc death,2020-09-05,13,quantile,0.2,200
2020-08-10,4 wk ahead inc death,2020-09-05,13,quantile,0.25,216
2020-08-10,4 wk ahead inc death,2020-09-05,13,quantile,0.3,227
2020-08-10,4 wk ahead inc death,2020-09-05,13,quantile,0.35,248
2020-08-10,4 wk ahead inc death,2020-09-05,13,quantile,0.4,280
2020-08-10,4 wk ahead inc death,2020-09-05,13,quantile,0.45,304
2020-08-10,4 wk ahead inc death,2020-09-05,13,quantile,0.5,330
2020-08-10,4 wk ahead inc death,2020-09-05,13,quantile,0.55,357
2020-08-10,4 wk ahead inc death,2020-09-05,13,quantile,0.6,385
2020-08-10,4 wk ahead inc death,2020-09-05,13,quantile,0.65,414
2020-08-10,4 wk ahead inc death,2020-09-05,13,quantile,0.7,451
2020-08-10,4 wk ahead inc death,2020-09-05,13,quantile,0.75,491
2020-08-10,4 wk ahead inc death,2020-09-05,13,quantile,0.8,539
2020-08-10,4 wk ahead inc death,2020-09-05,13,quantile,0.85,607
2020-08-10,4 wk ahead inc death,2020-09-05,13,quantile,0.9,707
2020-08-10,4 wk ahead inc death,2020-09-05,13,quantile,0.95,871
2020-08-10,4 wk ahead inc death,2020-09-05,13,quantile,0.975,1042
2020-08-10,4 wk ahead inc death,2020-09-05,13,quantile,0.99,1498
2020-08-10,4 wk ahead inc death,2020-09-05,15,quantile,0.01,3
2020-08-10,4 wk ahead inc death,2020-09-05,15,quantile,0.025,4
2020-08-10,4 wk ahead inc death,2020-09-05,15,quantile,0.05,5
2020-08-10,4 wk ahead inc death,2020-09-05,15,quantile,0.1,7
2020-08-10,4 wk ahead inc death,2020-09-05,15,quantile,0.15,9
2020-08-10,4 wk ahead inc death,2020-09-05,15,quantile,0.2,10
2020-08-10,4 wk ahead inc death,2020-09-05,15,quantile,0.25,12
2020-08-10,4 wk ahead inc death,2020-09-05,15,quantile,0.3,15
2020-08-10,4 wk ahead inc death,2020-09-05,15,quantile,0.35,17
2020-08-10,4 wk ahead inc death,2020-09-05,15,quantile,0.4,20
2020-08-10,4 wk ahead inc death,2020-09-05,15,quantile,0.45,24
2020-08-10,4 wk ahead inc death,2020-09-05,15,quantile,0.5,28
2020-08-10,4 wk ahead inc death,2020-09-05,15,quantile,0.55,32
2020-08-10,4 wk ahead inc death,2020-09-05,15,quantile,0.6,37
2020-08-10,4 wk ahead inc death,2020-09-05,15,quantile,0.65,42
2020-08-10,4 wk ahead inc death,2020-09-05,15,quantile,0.7,47
2020-08-10,4 wk ahead inc death,2020-09-05,15,quantile,0.75,55
2020-08-10,4 wk ahead inc death,2020-09-05,15,quantile,0.8,61
2020-08-10,4 wk ahead inc death,2020-09-05,15,quantile,0.85,71
2020-08-10,4 wk ahead inc death,2020-09-05,15,quantile,0.9,85
2020-08-10,4 wk ahead inc death,2020-09-05,15,quantile,0.95,105
2020-08-10,4 wk ahead inc death,2020-09-05,15,quantile,0.975,132
2020-08-10,4 wk ahead inc death,2020-09-05,15,quantile,0.99,166
2020-08-10,4 wk ahead inc death,2020-09-05,16,quantile,0.01,13
2020-08-10,4 wk ahead inc death,2020-09-05,16,quantile,0.025,15
2020-08-10,4 wk ahead inc death,2020-09-05,16,quantile,0.05,17
2020-08-10,4 wk ahead inc death,2020-09-05,16,quantile,0.1,21
2020-08-10,4 wk ahead inc death,2020-09-05,16,quantile,0.15,23
2020-08-10,4 wk ahead inc death,2020-09-05,16,quantile,0.2,26
2020-08-10,4 wk ahead inc death,2020-09-05,16,quantile,0.25,28
2020-08-10,4 wk ahead inc death,2020-09-05,16,quantile,0.3,31
2020-08-10,4 wk ahead inc death,2020-09-05,16,quantile,0.35,33
2020-08-10,4 wk ahead inc death,2020-09-05,16,quantile,0.4,36
2020-08-10,4 wk ahead inc death,2020-09-05,16,quantile,0.45,39
2020-08-10,4 wk ahead inc death,2020-09-05,16,quantile,0.5,42
2020-08-10,4 wk ahead inc death,2020-09-05,16,quantile,0.55,46
2020-08-10,4 wk ahead inc death,2020-09-05,16,quantile,0.6,49
2020-08-10,4 wk ahead inc death,2020-09-05,16,quantile,0.65,53
2020-08-10,4 wk ahead inc death,2020-09-05,16,quantile,0.7,58
2020-08-10,4 wk ahead inc death,2020-09-05,16,quantile,0.75,64
2020-08-10,4 wk ahead inc death,2020-09-05,16,quantile,0.8,72
2020-08-10,4 wk ahead inc death,2020-09-05,16,quantile,0.85,83
2020-08-10,4 wk ahead inc death,2020-09-05,16,quantile,0.9,102
2020-08-10,4 wk ahead inc death,2020-09-05,16,quantile,0.95,169
2020-08-10,4 wk ahead inc death,2020-09-05,16,quantile,0.975,306
2020-08-10,4 wk ahead inc death,2020-09-05,16,quantile,0.99,1037
2020-08-10,4 wk ahead inc death,2020-09-05,17,quantile,0.01,85
2020-08-10,4 wk ahead inc death,2020-09-05,17,quantile,0.025,95
2020-08-10,4 wk ahead inc death,2020-09-05,17,quantile,0.05,106
2020-08-10,4 wk ahead inc death,2020-09-05,17,quantile,0.1,118
2020-08-10,4 wk ahead inc death,2020-09-05,17,quantile,0.15,130
2020-08-10,4 wk ahead inc death,2020-09-05,17,quantile,0.2,143
2020-08-10,4 wk ahead inc death,2020-09-05,17,quantile,0.25,153
2020-08-10,4 wk ahead inc death,2020-09-05,17,quantile,0.3,162
2020-08-10,4 wk ahead inc death,2020-09-05,17,quantile,0.35,174
2020-08-10,4 wk ahead inc death,2020-09-05,17,quantile,0.4,185
2020-08-10,4 wk ahead inc death,2020-09-05,17,quantile,0.45,197
2020-08-10,4 wk ahead inc death,2020-09-05,17,quantile,0.5,211
2020-08-10,4 wk ahead inc death,2020-09-05,17,quantile,0.55,224
2020-08-10,4 wk ahead inc death,2020-09-05,17,quantile,0.6,236
2020-08-10,4 wk ahead inc death,2020-09-05,17,quantile,0.65,248
2020-08-10,4 wk ahead inc death,2020-09-05,17,quantile,0.7,263
2020-08-10,4 wk ahead inc death,2020-09-05,17,quantile,0.75,277
2020-08-10,4 wk ahead inc death,2020-09-05,17,quantile,0.8,293
2020-08-10,4 wk ahead inc death,2020-09-05,17,quantile,0.85,317
2020-08-10,4 wk ahead inc death,2020-09-05,17,quantile,0.9,347
2020-08-10,4 wk ahead inc death,2020-09-05,17,quantile,0.95,396
2020-08-10,4 wk ahead inc death,2020-09-05,17,quantile,0.975,440
2020-08-10,4 wk ahead inc death,2020-09-05,17,quantile,0.99,495
2020-08-10,4 wk ahead inc death,2020-09-05,18,quantile,0.01,52
2020-08-10,4 wk ahead inc death,2020-09-05,18,quantile,0.025,57
2020-08-10,4 wk ahead inc death,2020-09-05,18,quantile,0.05,65
2020-08-10,4 wk ahead inc death,2020-09-05,18,quantile,0.1,75
2020-08-10,4 wk ahead inc death,2020-09-05,18,quantile,0.15,82
2020-08-10,4 wk ahead inc death,2020-09-05,18,quantile,0.2,90
2020-08-10,4 wk ahead inc death,2020-09-05,18,quantile,0.25,97
2020-08-10,4 wk ahead inc death,2020-09-05,18,quantile,0.3,104
2020-08-10,4 wk ahead inc death,2020-09-05,18,quantile,0.35,110
2020-08-10,4 wk ahead inc death,2020-09-05,18,quantile,0.4,116
2020-08-10,4 wk ahead inc death,2020-09-05,18,quantile,0.45,125
2020-08-10,4 wk ahead inc death,2020-09-05,18,quantile,0.5,133
2020-08-10,4 wk ahead inc death,2020-09-05,18,quantile,0.55,142
2020-08-10,4 wk ahead inc death,2020-09-05,18,quantile,0.6,151
2020-08-10,4 wk ahead inc death,2020-09-05,18,quantile,0.65,161
2020-08-10,4 wk ahead inc death,2020-09-05,18,quantile,0.7,171
2020-08-10,4 wk ahead inc death,2020-09-05,18,quantile,0.75,182
2020-08-10,4 wk ahead inc death,2020-09-05,18,quantile,0.8,195
2020-08-10,4 wk ahead inc death,2020-09-05,18,quantile,0.85,212
2020-08-10,4 wk ahead inc death,2020-09-05,18,quantile,0.9,237
2020-08-10,4 wk ahead inc death,2020-09-05,18,quantile,0.95,270
2020-08-10,4 wk ahead inc death,2020-09-05,18,quantile,0.975,305
2020-08-10,4 wk ahead inc death,2020-09-05,18,quantile,0.99,344
2020-08-10,4 wk ahead inc death,2020-09-05,19,quantile,0.01,14
2020-08-10,4 wk ahead inc death,2020-09-05,19,quantile,0.025,15
2020-08-10,4 wk ahead inc death,2020-09-05,19,quantile,0.05,18
2020-08-10,4 wk ahead inc death,2020-09-05,19,quantile,0.1,22
2020-08-10,4 wk ahead inc death,2020-09-05,19,quantile,0.15,24
2020-08-10,4 wk ahead inc death,2020-09-05,19,quantile,0.2,27
2020-08-10,4 wk ahead inc death,2020-09-05,19,quantile,0.25,30
2020-08-10,4 wk ahead inc death,2020-09-05,19,quantile,0.3,32
2020-08-10,4 wk ahead inc death,2020-09-05,19,quantile,0.35,35
2020-08-10,4 wk ahead inc death,2020-09-05,19,quantile,0.4,38
2020-08-10,4 wk ahead inc death,2020-09-05,19,quantile,0.45,40
2020-08-10,4 wk ahead inc death,2020-09-05,19,quantile,0.5,44
2020-08-10,4 wk ahead inc death,2020-09-05,19,quantile,0.55,48
2020-08-10,4 wk ahead inc death,2020-09-05,19,quantile,0.6,52
2020-08-10,4 wk ahead inc death,2020-09-05,19,quantile,0.65,55
2020-08-10,4 wk ahead inc death,2020-09-05,19,quantile,0.7,60
2020-08-10,4 wk ahead inc death,2020-09-05,19,quantile,0.75,64
2020-08-10,4 wk ahead inc death,2020-09-05,19,quantile,0.8,69
2020-08-10,4 wk ahead inc death,2020-09-05,19,quantile,0.85,78
2020-08-10,4 wk ahead inc death,2020-09-05,19,quantile,0.9,89
2020-08-10,4 wk ahead inc death,2020-09-05,19,quantile,0.95,111
2020-08-10,4 wk ahead inc death,2020-09-05,19,quantile,0.975,137
2020-08-10,4 wk ahead inc death,2020-09-05,19,quantile,0.99,292
2020-08-10,4 wk ahead inc death,2020-09-05,20,quantile,0.01,5
2020-08-10,4 wk ahead inc death,2020-09-05,20,quantile,0.025,6
2020-08-10,4 wk ahead inc death,2020-09-05,20,quantile,0.05,7
2020-08-10,4 wk ahead inc death,2020-09-05,20,quantile,0.1,9
2020-08-10,4 wk ahead inc death,2020-09-05,20,quantile,0.15,10
2020-08-10,4 wk ahead inc death,2020-09-05,20,quantile,0.2,11
2020-08-10,4 wk ahead inc death,2020-09-05,20,quantile,0.25,12
2020-08-10,4 wk ahead inc death,2020-09-05,20,quantile,0.3,14
2020-08-10,4 wk ahead inc death,2020-09-05,20,quantile,0.35,15
2020-08-10,4 wk ahead inc death,2020-09-05,20,quantile,0.4,16
2020-08-10,4 wk ahead inc death,2020-09-05,20,quantile,0.45,17
2020-08-10,4 wk ahead inc death,2020-09-05,20,quantile,0.5,19
2020-08-10,4 wk ahead inc death,2020-09-05,20,quantile,0.55,21
2020-08-10,4 wk ahead inc death,2020-09-05,20,quantile,0.6,22
2020-08-10,4 wk ahead inc death,2020-09-05,20,quantile,0.65,24
2020-08-10,4 wk ahead inc death,2020-09-05,20,quantile,0.7,25
2020-08-10,4 wk ahead inc death,2020-09-05,20,quantile,0.75,28
2020-08-10,4 wk ahead inc death,2020-09-05,20,quantile,0.8,30
2020-08-10,4 wk ahead inc death,2020-09-05,20,quantile,0.85,33
2020-08-10,4 wk ahead inc death,2020-09-05,20,quantile,0.9,37
2020-08-10,4 wk ahead inc death,2020-09-05,20,quantile,0.95,42
2020-08-10,4 wk ahead inc death,2020-09-05,20,quantile,0.975,48
2020-08-10,4 wk ahead inc death,2020-09-05,20,quantile,0.99,57
2020-08-10,4 wk ahead inc death,2020-09-05,21,quantile,0.01,11
2020-08-10,4 wk ahead inc death,2020-09-05,21,quantile,0.025,13
2020-08-10,4 wk ahead inc death,2020-09-05,21,quantile,0.05,16
2020-08-10,4 wk ahead inc death,2020-09-05,21,quantile,0.1,19
2020-08-10,4 wk ahead inc death,2020-09-05,21,quantile,0.15,21
2020-08-10,4 wk ahead inc death,2020-09-05,21,quantile,0.2,24
2020-08-10,4 wk ahead inc death,2020-09-05,21,quantile,0.25,27
2020-08-10,4 wk ahead inc death,2020-09-05,21,quantile,0.3,30
2020-08-10,4 wk ahead inc death,2020-09-05,21,quantile,0.35,32
2020-08-10,4 wk ahead inc death,2020-09-05,21,quantile,0.4,35
2020-08-10,4 wk ahead inc death,2020-09-05,21,quantile,0.45,38
2020-08-10,4 wk ahead inc death,2020-09-05,21,quantile,0.5,41
2020-08-10,4 wk ahead inc death,2020-09-05,21,quantile,0.55,45
2020-08-10,4 wk ahead inc death,2020-09-05,21,quantile,0.6,49
2020-08-10,4 wk ahead inc death,2020-09-05,21,quantile,0.65,54
2020-08-10,4 wk ahead inc death,2020-09-05,21,quantile,0.7,59
2020-08-10,4 wk ahead inc death,2020-09-05,21,quantile,0.75,66
2020-08-10,4 wk ahead inc death,2020-09-05,21,quantile,0.8,73
2020-08-10,4 wk ahead inc death,2020-09-05,21,quantile,0.85,84
2020-08-10,4 wk ahead inc death,2020-09-05,21,quantile,0.9,97
2020-08-10,4 wk ahead inc death,2020-09-05,21,quantile,0.95,119
2020-08-10,4 wk ahead inc death,2020-09-05,21,quantile,0.975,137
2020-08-10,4 wk ahead inc death,2020-09-05,21,quantile,0.99,162
2020-08-10,4 wk ahead inc death,2020-09-05,22,quantile,0.01,72
2020-08-10,4 wk ahead inc death,2020-09-05,22,quantile,0.025,82
2020-08-10,4 wk ahead inc death,2020-09-05,22,quantile,0.05,93
2020-08-10,4 wk ahead inc death,2020-09-05,22,quantile,0.1,108
2020-08-10,4 wk ahead inc death,2020-09-05,22,quantile,0.15,120
2020-08-10,4 wk ahead inc death,2020-09-05,22,quantile,0.2,132
2020-08-10,4 wk ahead inc death,2020-09-05,22,quantile,0.25,144
2020-08-10,4 wk ahead inc death,2020-09-05,22,quantile,0.3,154
2020-08-10,4 wk ahead inc death,2020-09-05,22,quantile,0.35,166
2020-08-10,4 wk ahead inc death,2020-09-05,22,quantile,0.4,182
2020-08-10,4 wk ahead inc death,2020-09-05,22,quantile,0.45,197
2020-08-10,4 wk ahead inc death,2020-09-05,22,quantile,0.5,210
2020-08-10,4 wk ahead inc death,2020-09-05,22,quantile,0.55,224
2020-08-10,4 wk ahead inc death,2020-09-05,22,quantile,0.6,239
2020-08-10,4 wk ahead inc death,2020-09-05,22,quantile,0.65,253
2020-08-10,4 wk ahead inc death,2020-09-05,22,quantile,0.7,270
2020-08-10,4 wk ahead inc death,2020-09-05,22,quantile,0.75,288
2020-08-10,4 wk ahead inc death,2020-09-05,22,quantile,0.8,311
2020-08-10,4 wk ahead inc death,2020-09-05,22,quantile,0.85,342
2020-08-10,4 wk ahead inc death,2020-09-05,22,quantile,0.9,386
2020-08-10,4 wk ahead inc death,2020-09-05,22,quantile,0.95,461
2020-08-10,4 wk ahead inc death,2020-09-05,22,quantile,0.975,546
2020-08-10,4 wk ahead inc death,2020-09-05,22,quantile,0.99,840
2020-08-10,4 wk ahead inc death,2020-09-05,23,quantile,0.01,0
2020-08-10,4 wk ahead inc death,2020-09-05,23,quantile,0.025,0
2020-08-10,4 wk ahead inc death,2020-09-05,23,quantile,0.05,0
2020-08-10,4 wk ahead inc death,2020-09-05,23,quantile,0.1,0
2020-08-10,4 wk ahead inc death,2020-09-05,23,quantile,0.15,0
2020-08-10,4 wk ahead inc death,2020-09-05,23,quantile,0.2,0
2020-08-10,4 wk ahead inc death,2020-09-05,23,quantile,0.25,0
2020-08-10,4 wk ahead inc death,2020-09-05,23,quantile,0.3,0
2020-08-10,4 wk ahead inc death,2020-09-05,23,quantile,0.35,0
2020-08-10,4 wk ahead inc death,2020-09-05,23,quantile,0.4,0
2020-08-10,4 wk ahead inc death,2020-09-05,23,quantile,0.45,1
2020-08-10,4 wk ahead inc death,2020-09-05,23,quantile,0.5,2
2020-08-10,4 wk ahead inc death,2020-09-05,23,quantile,0.55,2
2020-08-10,4 wk ahead inc death,2020-09-05,23,quantile,0.6,3
2020-08-10,4 wk ahead inc death,2020-09-05,23,quantile,0.65,3
2020-08-10,4 wk ahead inc death,2020-09-05,23,quantile,0.7,3
2020-08-10,4 wk ahead inc death,2020-09-05,23,quantile,0.75,3
2020-08-10,4 wk ahead inc death,2020-09-05,23,quantile,0.8,4
2020-08-10,4 wk ahead inc death,2020-09-05,23,quantile,0.85,4
2020-08-10,4 wk ahead inc death,2020-09-05,23,quantile,0.9,4
2020-08-10,4 wk ahead inc death,2020-09-05,23,quantile,0.95,6
2020-08-10,4 wk ahead inc death,2020-09-05,23,quantile,0.975,7
2020-08-10,4 wk ahead inc death,2020-09-05,23,quantile,0.99,10
2020-08-10,4 wk ahead inc death,2020-09-05,24,quantile,0.01,31
2020-08-10,4 wk ahead inc death,2020-09-05,24,quantile,0.025,33
2020-08-10,4 wk ahead inc death,2020-09-05,24,quantile,0.05,36
2020-08-10,4 wk ahead inc death,2020-09-05,24,quantile,0.1,42
2020-08-10,4 wk ahead inc death,2020-09-05,24,quantile,0.15,46
2020-08-10,4 wk ahead inc death,2020-09-05,24,quantile,0.2,50
2020-08-10,4 wk ahead inc death,2020-09-05,24,quantile,0.25,55
2020-08-10,4 wk ahead inc death,2020-09-05,24,quantile,0.3,59
2020-08-10,4 wk ahead inc death,2020-09-05,24,quantile,0.35,63
2020-08-10,4 wk ahead inc death,2020-09-05,24,quantile,0.4,67
2020-08-10,4 wk ahead inc death,2020-09-05,24,quantile,0.45,72
2020-08-10,4 wk ahead inc death,2020-09-05,24,quantile,0.5,78
2020-08-10,4 wk ahead inc death,2020-09-05,24,quantile,0.55,83
2020-08-10,4 wk ahead inc death,2020-09-05,24,quantile,0.6,88
2020-08-10,4 wk ahead inc death,2020-09-05,24,quantile,0.65,93
2020-08-10,4 wk ahead inc death,2020-09-05,24,quantile,0.7,99
2020-08-10,4 wk ahead inc death,2020-09-05,24,quantile,0.75,106
2020-08-10,4 wk ahead inc death,2020-09-05,24,quantile,0.8,114
2020-08-10,4 wk ahead inc death,2020-09-05,24,quantile,0.85,124
2020-08-10,4 wk ahead inc death,2020-09-05,24,quantile,0.9,138
2020-08-10,4 wk ahead inc death,2020-09-05,24,quantile,0.95,162
2020-08-10,4 wk ahead inc death,2020-09-05,24,quantile,0.975,183
2020-08-10,4 wk ahead inc death,2020-09-05,24,quantile,0.99,243
2020-08-10,4 wk ahead inc death,2020-09-05,25,quantile,0.01,29
2020-08-10,4 wk ahead inc death,2020-09-05,25,quantile,0.025,34
2020-08-10,4 wk ahead inc death,2020-09-05,25,quantile,0.05,39
2020-08-10,4 wk ahead inc death,2020-09-05,25,quantile,0.1,47
2020-08-10,4 wk ahead inc death,2020-09-05,25,quantile,0.15,56
2020-08-10,4 wk ahead inc death,2020-09-05,25,quantile,0.2,62
2020-08-10,4 wk ahead inc death,2020-09-05,25,quantile,0.25,69
2020-08-10,4 wk ahead inc death,2020-09-05,25,quantile,0.3,76
2020-08-10,4 wk ahead inc death,2020-09-05,25,quantile,0.35,83
2020-08-10,4 wk ahead inc death,2020-09-05,25,quantile,0.4,92
2020-08-10,4 wk ahead inc death,2020-09-05,25,quantile,0.45,99
2020-08-10,4 wk ahead inc death,2020-09-05,25,quantile,0.5,108
2020-08-10,4 wk ahead inc death,2020-09-05,25,quantile,0.55,117
2020-08-10,4 wk ahead inc death,2020-09-05,25,quantile,0.6,128
2020-08-10,4 wk ahead inc death,2020-09-05,25,quantile,0.65,137
2020-08-10,4 wk ahead inc death,2020-09-05,25,quantile,0.7,147
2020-08-10,4 wk ahead inc death,2020-09-05,25,quantile,0.75,159
2020-08-10,4 wk ahead inc death,2020-09-05,25,quantile,0.8,171
2020-08-10,4 wk ahead inc death,2020-09-05,25,quantile,0.85,188
2020-08-10,4 wk ahead inc death,2020-09-05,25,quantile,0.9,210
2020-08-10,4 wk ahead inc death,2020-09-05,25,quantile,0.95,244
2020-08-10,4 wk ahead inc death,2020-09-05,25,quantile,0.975,285
2020-08-10,4 wk ahead inc death,2020-09-05,25,quantile,0.99,366
2020-08-10,4 wk ahead inc death,2020-09-05,26,quantile,0.01,26
2020-08-10,4 wk ahead inc death,2020-09-05,26,quantile,0.025,29
2020-08-10,4 wk ahead inc death,2020-09-05,26,quantile,0.05,33
2020-08-10,4 wk ahead inc death,2020-09-05,26,quantile,0.1,40
2020-08-10,4 wk ahead inc death,2020-09-05,26,quantile,0.15,45
2020-08-10,4 wk ahead inc death,2020-09-05,26,quantile,0.2,49
2020-08-10,4 wk ahead inc death,2020-09-05,26,quantile,0.25,53
2020-08-10,4 wk ahead inc death,2020-09-05,26,quantile,0.3,58
2020-08-10,4 wk ahead inc death,2020-09-05,26,quantile,0.35,62
2020-08-10,4 wk ahead inc death,2020-09-05,26,quantile,0.4,67
2020-08-10,4 wk ahead inc death,2020-09-05,26,quantile,0.45,71
2020-08-10,4 wk ahead inc death,2020-09-05,26,quantile,0.5,77
2020-08-10,4 wk ahead inc death,2020-09-05,26,quantile,0.55,83
2020-08-10,4 wk ahead inc death,2020-09-05,26,quantile,0.6,89
2020-08-10,4 wk ahead inc death,2020-09-05,26,quantile,0.65,95
2020-08-10,4 wk ahead inc death,2020-09-05,26,quantile,0.7,103
2020-08-10,4 wk ahead inc death,2020-09-05,26,quantile,0.75,111
2020-08-10,4 wk ahead inc death,2020-09-05,26,quantile,0.8,121
2020-08-10,4 wk ahead inc death,2020-09-05,26,quantile,0.85,133
2020-08-10,4 wk ahead inc death,2020-09-05,26,quantile,0.9,151
2020-08-10,4 wk ahead inc death,2020-09-05,26,quantile,0.95,178
2020-08-10,4 wk ahead inc death,2020-09-05,26,quantile,0.975,213
2020-08-10,4 wk ahead inc death,2020-09-05,26,quantile,0.99,2780
2020-08-10,4 wk ahead inc death,2020-09-05,27,quantile,0.01,21
2020-08-10,4 wk ahead inc death,2020-09-05,27,quantile,0.025,24
2020-08-10,4 wk ahead inc death,2020-09-05,27,quantile,0.05,27
2020-08-10,4 wk ahead inc death,2020-09-05,27,quantile,0.1,31
2020-08-10,4 wk ahead inc death,2020-09-05,27,quantile,0.15,36
2020-08-10,4 wk ahead inc death,2020-09-05,27,quantile,0.2,40
2020-08-10,4 wk ahead inc death,2020-09-05,27,quantile,0.25,44
2020-08-10,4 wk ahead inc death,2020-09-05,27,quantile,0.3,48
2020-08-10,4 wk ahead inc death,2020-09-05,27,quantile,0.35,52
2020-08-10,4 wk ahead inc death,2020-09-05,27,quantile,0.4,56
2020-08-10,4 wk ahead inc death,2020-09-05,27,quantile,0.45,60
2020-08-10,4 wk ahead inc death,2020-09-05,27,quantile,0.5,65
2020-08-10,4 wk ahead inc death,2020-09-05,27,quantile,0.55,70
2020-08-10,4 wk ahead inc death,2020-09-05,27,quantile,0.6,74
2020-08-10,4 wk ahead inc death,2020-09-05,27,quantile,0.65,80
2020-08-10,4 wk ahead inc death,2020-09-05,27,quantile,0.7,86
2020-08-10,4 wk ahead inc death,2020-09-05,27,quantile,0.75,93
2020-08-10,4 wk ahead inc death,2020-09-05,27,quantile,0.8,101
2020-08-10,4 wk ahead inc death,2020-09-05,27,quantile,0.85,110
2020-08-10,4 wk ahead inc death,2020-09-05,27,quantile,0.9,125
2020-08-10,4 wk ahead inc death,2020-09-05,27,quantile,0.95,148
2020-08-10,4 wk ahead inc death,2020-09-05,27,quantile,0.975,170
2020-08-10,4 wk ahead inc death,2020-09-05,27,quantile,0.99,197
2020-08-10,4 wk ahead inc death,2020-09-05,28,quantile,0.01,44
2020-08-10,4 wk ahead inc death,2020-09-05,28,quantile,0.025,52
2020-08-10,4 wk ahead inc death,2020-09-05,28,quantile,0.05,58
2020-08-10,4 wk ahead inc death,2020-09-05,28,quantile,0.1,67
2020-08-10,4 wk ahead inc death,2020-09-05,28,quantile,0.15,75
2020-08-10,4 wk ahead inc death,2020-09-05,28,quantile,0.2,82
2020-08-10,4 wk ahead inc death,2020-09-05,28,quantile,0.25,88
2020-08-10,4 wk ahead inc death,2020-09-05,28,quantile,0.3,94
2020-08-10,4 wk ahead inc death,2020-09-05,28,quantile,0.35,101
2020-08-10,4 wk ahead inc death,2020-09-05,28,quantile,0.4,108
2020-08-10,4 wk ahead inc death,2020-09-05,28,quantile,0.45,115
2020-08-10,4 wk ahead inc death,2020-09-05,28,quantile,0.5,122
2020-08-10,4 wk ahead inc death,2020-09-05,28,quantile,0.55,129
2020-08-10,4 wk ahead inc death,2020-09-05,28,quantile,0.6,136
2020-08-10,4 wk ahead inc death,2020-09-05,28,quantile,0.65,144
2020-08-10,4 wk ahead inc death,2020-09-05,28,quantile,0.7,152
2020-08-10,4 wk ahead inc death,2020-09-05,28,quantile,0.75,162
2020-08-10,4 wk ahead inc death,2020-09-05,28,quantile,0.8,175
2020-08-10,4 wk ahead inc death,2020-09-05,28,quantile,0.85,192
2020-08-10,4 wk ahead inc death,2020-09-05,28,quantile,0.9,220
2020-08-10,4 wk ahead inc death,2020-09-05,28,quantile,0.95,262
2020-08-10,4 wk ahead inc death,2020-09-05,28,quantile,0.975,319
2020-08-10,4 wk ahead inc death,2020-09-05,28,quantile,0.99,560
2020-08-10,4 wk ahead inc death,2020-09-05,29,quantile,0.01,16
2020-08-10,4 wk ahead inc death,2020-09-05,29,quantile,0.025,19
2020-08-10,4 wk ahead inc death,2020-09-05,29,quantile,0.05,22
2020-08-10,4 wk ahead inc death,2020-09-05,29,quantile,0.1,25
2020-08-10,4 wk ahead inc death,2020-09-05,29,quantile,0.15,28
2020-08-10,4 wk ahead inc death,2020-09-05,29,quantile,0.2,31
2020-08-10,4 wk ahead inc death,2020-09-05,29,quantile,0.25,33
2020-08-10,4 wk ahead inc death,2020-09-05,29,quantile,0.3,36
2020-08-10,4 wk ahead inc death,2020-09-05,29,quantile,0.35,38
2020-08-10,4 wk ahead inc death,2020-09-05,29,quantile,0.4,41
2020-08-10,4 wk ahead inc death,2020-09-05,29,quantile,0.45,44
2020-08-10,4 wk ahead inc death,2020-09-05,29,quantile,0.5,46
2020-08-10,4 wk ahead inc death,2020-09-05,29,quantile,0.55,50
2020-08-10,4 wk ahead inc death,2020-09-05,29,quantile,0.6,53
2020-08-10,4 wk ahead inc death,2020-09-05,29,quantile,0.65,56
2020-08-10,4 wk ahead inc death,2020-09-05,29,quantile,0.7,59
2020-08-10,4 wk ahead inc death,2020-09-05,29,quantile,0.75,63
2020-08-10,4 wk ahead inc death,2020-09-05,29,quantile,0.8,68
2020-08-10,4 wk ahead inc death,2020-09-05,29,quantile,0.85,74
2020-08-10,4 wk ahead inc death,2020-09-05,29,quantile,0.9,84
2020-08-10,4 wk ahead inc death,2020-09-05,29,quantile,0.95,107
2020-08-10,4 wk ahead inc death,2020-09-05,29,quantile,0.975,129
2020-08-10,4 wk ahead inc death,2020-09-05,29,quantile,0.99,153
2020-08-10,4 wk ahead inc death,2020-09-05,30,quantile,0.01,3
2020-08-10,4 wk ahead inc death,2020-09-05,30,quantile,0.025,3
2020-08-10,4 wk ahead inc death,2020-09-05,30,quantile,0.05,4
2020-08-10,4 wk ahead inc death,2020-09-05,30,quantile,0.1,5
2020-08-10,4 wk ahead inc death,2020-09-05,30,quantile,0.15,6
2020-08-10,4 wk ahead inc death,2020-09-05,30,quantile,0.2,7
2020-08-10,4 wk ahead inc death,2020-09-05,30,quantile,0.25,8
2020-08-10,4 wk ahead inc death,2020-09-05,30,quantile,0.3,9
2020-08-10,4 wk ahead inc death,2020-09-05,30,quantile,0.35,11
2020-08-10,4 wk ahead inc death,2020-09-05,30,quantile,0.4,12
2020-08-10,4 wk ahead inc death,2020-09-05,30,quantile,0.45,12
2020-08-10,4 wk ahead inc death,2020-09-05,30,quantile,0.5,14
2020-08-10,4 wk ahead inc death,2020-09-05,30,quantile,0.55,16
2020-08-10,4 wk ahead inc death,2020-09-05,30,quantile,0.6,18
2020-08-10,4 wk ahead inc death,2020-09-05,30,quantile,0.65,19
2020-08-10,4 wk ahead inc death,2020-09-05,30,quantile,0.7,21
2020-08-10,4 wk ahead inc death,2020-09-05,30,quantile,0.75,22
2020-08-10,4 wk ahead inc death,2020-09-05,30,quantile,0.8,25
2020-08-10,4 wk ahead inc death,2020-09-05,30,quantile,0.85,28
2020-08-10,4 wk ahead inc death,2020-09-05,30,quantile,0.9,31
2020-08-10,4 wk ahead inc death,2020-09-05,30,quantile,0.95,37
2020-08-10,4 wk ahead inc death,2020-09-05,30,quantile,0.975,43
2020-08-10,4 wk ahead inc death,2020-09-05,30,quantile,0.99,49
2020-08-10,4 wk ahead inc death,2020-09-05,31,quantile,0.01,3
2020-08-10,4 wk ahead inc death,2020-09-05,31,quantile,0.025,3
2020-08-10,4 wk ahead inc death,2020-09-05,31,quantile,0.05,4
2020-08-10,4 wk ahead inc death,2020-09-05,31,quantile,0.1,5
2020-08-10,4 wk ahead inc death,2020-09-05,31,quantile,0.15,6
2020-08-10,4 wk ahead inc death,2020-09-05,31,quantile,0.2,7
2020-08-10,4 wk ahead inc death,2020-09-05,31,quantile,0.25,8
2020-08-10,4 wk ahead inc death,2020-09-05,31,quantile,0.3,8
2020-08-10,4 wk ahead inc death,2020-09-05,31,quantile,0.35,9
2020-08-10,4 wk ahead inc death,2020-09-05,31,quantile,0.4,10
2020-08-10,4 wk ahead inc death,2020-09-05,31,quantile,0.45,11
2020-08-10,4 wk ahead inc death,2020-09-05,31,quantile,0.5,13
2020-08-10,4 wk ahead inc death,2020-09-05,31,quantile,0.55,15
2020-08-10,4 wk ahead inc death,2020-09-05,31,quantile,0.6,16
2020-08-10,4 wk ahead inc death,2020-09-05,31,quantile,0.65,17
2020-08-10,4 wk ahead inc death,2020-09-05,31,quantile,0.7,18
2020-08-10,4 wk ahead inc death,2020-09-05,31,quantile,0.75,20
2020-08-10,4 wk ahead inc death,2020-09-05,31,quantile,0.8,22
2020-08-10,4 wk ahead inc death,2020-09-05,31,quantile,0.85,25
2020-08-10,4 wk ahead inc death,2020-09-05,31,quantile,0.9,28
2020-08-10,4 wk ahead inc death,2020-09-05,31,quantile,0.95,34
2020-08-10,4 wk ahead inc death,2020-09-05,31,quantile,0.975,41
2020-08-10,4 wk ahead inc death,2020-09-05,31,quantile,0.99,50
2020-08-10,4 wk ahead inc death,2020-09-05,32,quantile,0.01,32
2020-08-10,4 wk ahead inc death,2020-09-05,32,quantile,0.025,37
2020-08-10,4 wk ahead inc death,2020-09-05,32,quantile,0.05,43
2020-08-10,4 wk ahead inc death,2020-09-05,32,quantile,0.1,50
2020-08-10,4 wk ahead inc death,2020-09-05,32,quantile,0.15,56
2020-08-10,4 wk ahead inc death,2020-09-05,32,quantile,0.2,62
2020-08-10,4 wk ahead inc death,2020-09-05,32,quantile,0.25,67
2020-08-10,4 wk ahead inc death,2020-09-05,32,quantile,0.3,72
2020-08-10,4 wk ahead inc death,2020-09-05,32,quantile,0.35,77
2020-08-10,4 wk ahead inc death,2020-09-05,32,quantile,0.4,84
2020-08-10,4 wk ahead inc death,2020-09-05,32,quantile,0.45,90
2020-08-10,4 wk ahead inc death,2020-09-05,32,quantile,0.5,95
2020-08-10,4 wk ahead inc death,2020-09-05,32,quantile,0.55,101
2020-08-10,4 wk ahead inc death,2020-09-05,32,quantile,0.6,107
2020-08-10,4 wk ahead inc death,2020-09-05,32,quantile,0.65,113
2020-08-10,4 wk ahead inc death,2020-09-05,32,quantile,0.7,120
2020-08-10,4 wk ahead inc death,2020-09-05,32,quantile,0.75,129
2020-08-10,4 wk ahead inc death,2020-09-05,32,quantile,0.8,140
2020-08-10,4 wk ahead inc death,2020-09-05,32,quantile,0.85,153
2020-08-10,4 wk ahead inc death,2020-09-05,32,quantile,0.9,173
2020-08-10,4 wk ahead inc death,2020-09-05,32,quantile,0.95,209
2020-08-10,4 wk ahead inc death,2020-09-05,32,quantile,0.975,264
2020-08-10,4 wk ahead inc death,2020-09-05,32,quantile,0.99,1001
2020-08-10,4 wk ahead inc death,2020-09-05,33,quantile,0.01,1
2020-08-10,4 wk ahead inc death,2020-09-05,33,quantile,0.025,1
2020-08-10,4 wk ahead inc death,2020-09-05,33,quantile,0.05,1
2020-08-10,4 wk ahead inc death,2020-09-05,33,quantile,0.1,1
2020-08-10,4 wk ahead inc death,2020-09-05,33,quantile,0.15,2
2020-08-10,4 wk ahead inc death,2020-09-05,33,quantile,0.2,2
2020-08-10,4 wk ahead inc death,2020-09-05,33,quantile,0.25,2
2020-08-10,4 wk ahead inc death,2020-09-05,33,quantile,0.3,3
2020-08-10,4 wk ahead inc death,2020-09-05,33,quantile,0.35,3
2020-08-10,4 wk ahead inc death,2020-09-05,33,quantile,0.4,3
2020-08-10,4 wk ahead inc death,2020-09-05,33,quantile,0.45,4
2020-08-10,4 wk ahead inc death,2020-09-05,33,quantile,0.5,5
2020-08-10,4 wk ahead inc death,2020-09-05,33,quantile,0.55,7
2020-08-10,4 wk ahead inc death,2020-09-05,33,quantile,0.6,7
2020-08-10,4 wk ahead inc death,2020-09-05,33,quantile,0.65,8
2020-08-10,4 wk ahead inc death,2020-09-05,33,quantile,0.7,9
2020-08-10,4 wk ahead inc death,2020-09-05,33,quantile,0.75,10
2020-08-10,4 wk ahead inc death,2020-09-05,33,quantile,0.8,11
2020-08-10,4 wk ahead inc death,2020-09-05,33,quantile,0.85,13
2020-08-10,4 wk ahead inc death,2020-09-05,33,quantile,0.9,14
2020-08-10,4 wk ahead inc death,2020-09-05,33,quantile,0.95,17
2020-08-10,4 wk ahead inc death,2020-09-05,33,quantile,0.975,21
2020-08-10,4 wk ahead inc death,2020-09-05,33,quantile,0.99,26
2020-08-10,4 wk ahead inc death,2020-09-05,34,quantile,0.01,32
2020-08-10,4 wk ahead inc death,2020-09-05,34,quantile,0.025,34
2020-08-10,4 wk ahead inc death,2020-09-05,34,quantile,0.05,37
2020-08-10,4 wk ahead inc death,2020-09-05,34,quantile,0.1,40
2020-08-10,4 wk ahead inc death,2020-09-05,34,quantile,0.15,45
2020-08-10,4 wk ahead inc death,2020-09-05,34,quantile,0.2,49
2020-08-10,4 wk ahead inc death,2020-09-05,34,quantile,0.25,52
2020-08-10,4 wk ahead inc death,2020-09-05,34,quantile,0.3,56
2020-08-10,4 wk ahead inc death,2020-09-05,34,quantile,0.35,60
2020-08-10,4 wk ahead inc death,2020-09-05,34,quantile,0.4,67
2020-08-10,4 wk ahead inc death,2020-09-05,34,quantile,0.45,73
2020-08-10,4 wk ahead inc death,2020-09-05,34,quantile,0.5,78
2020-08-10,4 wk ahead inc death,2020-09-05,34,quantile,0.55,84
2020-08-10,4 wk ahead inc death,2020-09-05,34,quantile,0.6,90
2020-08-10,4 wk ahead inc death,2020-09-05,34,quantile,0.65,98
2020-08-10,4 wk ahead inc death,2020-09-05,34,quantile,0.7,105
2020-08-10,4 wk ahead inc death,2020-09-05,34,quantile,0.75,113
2020-08-10,4 wk ahead inc death,2020-09-05,34,quantile,0.8,123
2020-08-10,4 wk ahead inc death,2020-09-05,34,quantile,0.85,136
2020-08-10,4 wk ahead inc death,2020-09-05,34,quantile,0.9,154
2020-08-10,4 wk ahead inc death,2020-09-05,34,quantile,0.95,209
2020-08-10,4 wk ahead inc death,2020-09-05,34,quantile,0.975,4780
2020-08-10,4 wk ahead inc death,2020-09-05,34,quantile,0.99,55914
2020-08-10,4 wk ahead inc death,2020-09-05,35,quantile,0.01,8
2020-08-10,4 wk ahead inc death,2020-09-05,35,quantile,0.025,9
2020-08-10,4 wk ahead inc death,2020-09-05,35,quantile,0.05,10
2020-08-10,4 wk ahead inc death,2020-09-05,35,quantile,0.1,11
2020-08-10,4 wk ahead inc death,2020-09-05,35,quantile,0.15,13
2020-08-10,4 wk ahead inc death,2020-09-05,35,quantile,0.2,14
2020-08-10,4 wk ahead inc death,2020-09-05,35,quantile,0.25,15
2020-08-10,4 wk ahead inc death,2020-09-05,35,quantile,0.3,16
2020-08-10,4 wk ahead inc death,2020-09-05,35,quantile,0.35,18
2020-08-10,4 wk ahead inc death,2020-09-05,35,quantile,0.4,20
2020-08-10,4 wk ahead inc death,2020-09-05,35,quantile,0.45,21
2020-08-10,4 wk ahead inc death,2020-09-05,35,quantile,0.5,23
2020-08-10,4 wk ahead inc death,2020-09-05,35,quantile,0.55,25
2020-08-10,4 wk ahead inc death,2020-09-05,35,quantile,0.6,26
2020-08-10,4 wk ahead inc death,2020-09-05,35,quantile,0.65,28
2020-08-10,4 wk ahead inc death,2020-09-05,35,quantile,0.7,30
2020-08-10,4 wk ahead inc death,2020-09-05,35,quantile,0.75,32
2020-08-10,4 wk ahead inc death,2020-09-05,35,quantile,0.8,35
2020-08-10,4 wk ahead inc death,2020-09-05,35,quantile,0.85,37
2020-08-10,4 wk ahead inc death,2020-09-05,35,quantile,0.9,41
2020-08-10,4 wk ahead inc death,2020-09-05,35,quantile,0.95,50
2020-08-10,4 wk ahead inc death,2020-09-05,35,quantile,0.975,62
2020-08-10,4 wk ahead inc death,2020-09-05,35,quantile,0.99,84
2020-08-10,4 wk ahead inc death,2020-09-05,36,quantile,0.01,26
2020-08-10,4 wk ahead inc death,2020-09-05,36,quantile,0.025,30
2020-08-10,4 wk ahead inc death,2020-09-05,36,quantile,0.05,33
2020-08-10,4 wk ahead inc death,2020-09-05,36,quantile,0.1,37
2020-08-10,4 wk ahead inc death,2020-09-05,36,quantile,0.15,43
2020-08-10,4 wk ahead inc death,2020-09-05,36,quantile,0.2,48
2020-08-10,4 wk ahead inc death,2020-09-05,36,quantile,0.25,52
2020-08-10,4 wk ahead inc death,2020-09-05,36,quantile,0.3,57
2020-08-10,4 wk ahead inc death,2020-09-05,36,quantile,0.35,62
2020-08-10,4 wk ahead inc death,2020-09-05,36,quantile,0.4,66
2020-08-10,4 wk ahead inc death,2020-09-05,36,quantile,0.45,70
2020-08-10,4 wk ahead inc death,2020-09-05,36,quantile,0.5,78
2020-08-10,4 wk ahead inc death,2020-09-05,36,quantile,0.55,85
2020-08-10,4 wk ahead inc death,2020-09-05,36,quantile,0.6,93
2020-08-10,4 wk ahead inc death,2020-09-05,36,quantile,0.65,101
2020-08-10,4 wk ahead inc death,2020-09-05,36,quantile,0.7,111
2020-08-10,4 wk ahead inc death,2020-09-05,36,quantile,0.75,123
2020-08-10,4 wk ahead inc death,2020-09-05,36,quantile,0.8,138
2020-08-10,4 wk ahead inc death,2020-09-05,36,quantile,0.85,161
2020-08-10,4 wk ahead inc death,2020-09-05,36,quantile,0.9,190
2020-08-10,4 wk ahead inc death,2020-09-05,36,quantile,0.95,234
2020-08-10,4 wk ahead inc death,2020-09-05,36,quantile,0.975,278
2020-08-10,4 wk ahead inc death,2020-09-05,36,quantile,0.99,356
2020-08-10,4 wk ahead inc death,2020-09-05,37,quantile,0.01,54
2020-08-10,4 wk ahead inc death,2020-09-05,37,quantile,0.025,61
2020-08-10,4 wk ahead inc death,2020-09-05,37,quantile,0.05,70
2020-08-10,4 wk ahead inc death,2020-09-05,37,quantile,0.1,80
2020-08-10,4 wk ahead inc death,2020-09-05,37,quantile,0.15,88
2020-08-10,4 wk ahead inc death,2020-09-05,37,quantile,0.2,95
2020-08-10,4 wk ahead inc death,2020-09-05,37,quantile,0.25,104
2020-08-10,4 wk ahead inc death,2020-09-05,37,quantile,0.3,112
2020-08-10,4 wk ahead inc death,2020-09-05,37,quantile,0.35,119
2020-08-10,4 wk ahead inc death,2020-09-05,37,quantile,0.4,127
2020-08-10,4 wk ahead inc death,2020-09-05,37,quantile,0.45,135
2020-08-10,4 wk ahead inc death,2020-09-05,37,quantile,0.5,144
2020-08-10,4 wk ahead inc death,2020-09-05,37,quantile,0.55,152
2020-08-10,4 wk ahead inc death,2020-09-05,37,quantile,0.6,161
2020-08-10,4 wk ahead inc death,2020-09-05,37,quantile,0.65,169
2020-08-10,4 wk ahead inc death,2020-09-05,37,quantile,0.7,180
2020-08-10,4 wk ahead inc death,2020-09-05,37,quantile,0.75,192
2020-08-10,4 wk ahead inc death,2020-09-05,37,quantile,0.8,207
2020-08-10,4 wk ahead inc death,2020-09-05,37,quantile,0.85,227
2020-08-10,4 wk ahead inc death,2020-09-05,37,quantile,0.9,256
2020-08-10,4 wk ahead inc death,2020-09-05,37,quantile,0.95,302
2020-08-10,4 wk ahead inc death,2020-09-05,37,quantile,0.975,355
2020-08-10,4 wk ahead inc death,2020-09-05,37,quantile,0.99,508
2020-08-10,4 wk ahead inc death,2020-09-05,38,quantile,0.01,2
2020-08-10,4 wk ahead inc death,2020-09-05,38,quantile,0.025,2
2020-08-10,4 wk ahead inc death,2020-09-05,38,quantile,0.05,3
2020-08-10,4 wk ahead inc death,2020-09-05,38,quantile,0.1,3
2020-08-10,4 wk ahead inc death,2020-09-05,38,quantile,0.15,4
2020-08-10,4 wk ahead inc death,2020-09-05,38,quantile,0.2,4
2020-08-10,4 wk ahead inc death,2020-09-05,38,quantile,0.25,5
2020-08-10,4 wk ahead inc death,2020-09-05,38,quantile,0.3,6
2020-08-10,4 wk ahead inc death,2020-09-05,38,quantile,0.35,6
2020-08-10,4 wk ahead inc death,2020-09-05,38,quantile,0.4,7
2020-08-10,4 wk ahead inc death,2020-09-05,38,quantile,0.45,7
2020-08-10,4 wk ahead inc death,2020-09-05,38,quantile,0.5,9
2020-08-10,4 wk ahead inc death,2020-09-05,38,quantile,0.55,11
2020-08-10,4 wk ahead inc death,2020-09-05,38,quantile,0.6,11
2020-08-10,4 wk ahead inc death,2020-09-05,38,quantile,0.65,12
2020-08-10,4 wk ahead inc death,2020-09-05,38,quantile,0.7,13
2020-08-10,4 wk ahead inc death,2020-09-05,38,quantile,0.75,14
2020-08-10,4 wk ahead inc death,2020-09-05,38,quantile,0.8,16
2020-08-10,4 wk ahead inc death,2020-09-05,38,quantile,0.85,18
2020-08-10,4 wk ahead inc death,2020-09-05,38,quantile,0.9,20
2020-08-10,4 wk ahead inc death,2020-09-05,38,quantile,0.95,23
2020-08-10,4 wk ahead inc death,2020-09-05,38,quantile,0.975,26
2020-08-10,4 wk ahead inc death,2020-09-05,38,quantile,0.99,55
2020-08-10,4 wk ahead inc death,2020-09-05,39,quantile,0.01,57
2020-08-10,4 wk ahead inc death,2020-09-05,39,quantile,0.025,63
2020-08-10,4 wk ahead inc death,2020-09-05,39,quantile,0.05,70
2020-08-10,4 wk ahead inc death,2020-09-05,39,quantile,0.1,80
2020-08-10,4 wk ahead inc death,2020-09-05,39,quantile,0.15,88
2020-08-10,4 wk ahead inc death,2020-09-05,39,quantile,0.2,95
2020-08-10,4 wk ahead inc death,2020-09-05,39,quantile,0.25,101
2020-08-10,4 wk ahead inc death,2020-09-05,39,quantile,0.3,107
2020-08-10,4 wk ahead inc death,2020-09-05,39,quantile,0.35,114
2020-08-10,4 wk ahead inc death,2020-09-05,39,quantile,0.4,121
2020-08-10,4 wk ahead inc death,2020-09-05,39,quantile,0.45,128
2020-08-10,4 wk ahead inc death,2020-09-05,39,quantile,0.5,136
2020-08-10,4 wk ahead inc death,2020-09-05,39,quantile,0.55,145
2020-08-10,4 wk ahead inc death,2020-09-05,39,quantile,0.6,153
2020-08-10,4 wk ahead inc death,2020-09-05,39,quantile,0.65,160
2020-08-10,4 wk ahead inc death,2020-09-05,39,quantile,0.7,170
2020-08-10,4 wk ahead inc death,2020-09-05,39,quantile,0.75,180
2020-08-10,4 wk ahead inc death,2020-09-05,39,quantile,0.8,191
2020-08-10,4 wk ahead inc death,2020-09-05,39,quantile,0.85,208
2020-08-10,4 wk ahead inc death,2020-09-05,39,quantile,0.9,230
2020-08-10,4 wk ahead inc death,2020-09-05,39,quantile,0.95,269
2020-08-10,4 wk ahead inc death,2020-09-05,39,quantile,0.975,312
2020-08-10,4 wk ahead inc death,2020-09-05,39,quantile,0.99,375
2020-08-10,4 wk ahead inc death,2020-09-05,40,quantile,0.01,15
2020-08-10,4 wk ahead inc death,2020-09-05,40,quantile,0.025,17
2020-08-10,4 wk ahead inc death,2020-09-05,40,quantile,0.05,19
2020-08-10,4 wk ahead inc death,2020-09-05,40,quantile,0.1,23
2020-08-10,4 wk ahead inc death,2020-09-05,40,quantile,0.15,26
2020-08-10,4 wk ahead inc death,2020-09-05,40,quantile,0.2,28
2020-08-10,4 wk ahead inc death,2020-09-05,40,quantile,0.25,31
2020-08-10,4 wk ahead inc death,2020-09-05,40,quantile,0.3,33
2020-08-10,4 wk ahead inc death,2020-09-05,40,quantile,0.35,36
2020-08-10,4 wk ahead inc death,2020-09-05,40,quantile,0.4,38
2020-08-10,4 wk ahead inc death,2020-09-05,40,quantile,0.45,40
2020-08-10,4 wk ahead inc death,2020-09-05,40,quantile,0.5,44
2020-08-10,4 wk ahead inc death,2020-09-05,40,quantile,0.55,47
2020-08-10,4 wk ahead inc death,2020-09-05,40,quantile,0.6,50
2020-08-10,4 wk ahead inc death,2020-09-05,40,quantile,0.65,53
2020-08-10,4 wk ahead inc death,2020-09-05,40,quantile,0.7,56
2020-08-10,4 wk ahead inc death,2020-09-05,40,quantile,0.75,61
2020-08-10,4 wk ahead inc death,2020-09-05,40,quantile,0.8,66
2020-08-10,4 wk ahead inc death,2020-09-05,40,quantile,0.85,73
2020-08-10,4 wk ahead inc death,2020-09-05,40,quantile,0.9,83
2020-08-10,4 wk ahead inc death,2020-09-05,40,quantile,0.95,99
2020-08-10,4 wk ahead inc death,2020-09-05,40,quantile,0.975,115
2020-08-10,4 wk ahead inc death,2020-09-05,40,quantile,0.99,146
2020-08-10,4 wk ahead inc death,2020-09-05,41,quantile,0.01,8
2020-08-10,4 wk ahead inc death,2020-09-05,41,quantile,0.025,10
2020-08-10,4 wk ahead inc death,2020-09-05,41,quantile,0.05,11
2020-08-10,4 wk ahead inc death,2020-09-05,41,quantile,0.1,14
2020-08-10,4 wk ahead inc death,2020-09-05,41,quantile,0.15,16
2020-08-10,4 wk ahead inc death,2020-09-05,41,quantile,0.2,18
2020-08-10,4 wk ahead inc death,2020-09-05,41,quantile,0.25,20
2020-08-10,4 wk ahead inc death,2020-09-05,41,quantile,0.3,21
2020-08-10,4 wk ahead inc death,2020-09-05,41,quantile,0.35,23
2020-08-10,4 wk ahead inc death,2020-09-05,41,quantile,0.4,24
2020-08-10,4 wk ahead inc death,2020-09-05,41,quantile,0.45,26
2020-08-10,4 wk ahead inc death,2020-09-05,41,quantile,0.5,29
2020-08-10,4 wk ahead inc death,2020-09-05,41,quantile,0.55,31
2020-08-10,4 wk ahead inc death,2020-09-05,41,quantile,0.6,33
2020-08-10,4 wk ahead inc death,2020-09-05,41,quantile,0.65,35
2020-08-10,4 wk ahead inc death,2020-09-05,41,quantile,0.7,38
2020-08-10,4 wk ahead inc death,2020-09-05,41,quantile,0.75,40
2020-08-10,4 wk ahead inc death,2020-09-05,41,quantile,0.8,43
2020-08-10,4 wk ahead inc death,2020-09-05,41,quantile,0.85,47
2020-08-10,4 wk ahead inc death,2020-09-05,41,quantile,0.9,52
2020-08-10,4 wk ahead inc death,2020-09-05,41,quantile,0.95,61
2020-08-10,4 wk ahead inc death,2020-09-05,41,quantile,0.975,69
2020-08-10,4 wk ahead inc death,2020-09-05,41,quantile,0.99,82
2020-08-10,4 wk ahead inc death,2020-09-05,42,quantile,0.01,39
2020-08-10,4 wk ahead inc death,2020-09-05,42,quantile,0.025,42
2020-08-10,4 wk ahead inc death,2020-09-05,42,quantile,0.05,47
2020-08-10,4 wk ahead inc death,2020-09-05,42,quantile,0.1,52
2020-08-10,4 wk ahead inc death,2020-09-05,42,quantile,0.15,58
2020-08-10,4 wk ahead inc death,2020-09-05,42,quantile,0.2,62
2020-08-10,4 wk ahead inc death,2020-09-05,42,quantile,0.25,67
2020-08-10,4 wk ahead inc death,2020-09-05,42,quantile,0.3,71
2020-08-10,4 wk ahead inc death,2020-09-05,42,quantile,0.35,75
2020-08-10,4 wk ahead inc death,2020-09-05,42,quantile,0.4,80
2020-08-10,4 wk ahead inc death,2020-09-05,42,quantile,0.45,86
2020-08-10,4 wk ahead inc death,2020-09-05,42,quantile,0.5,92
2020-08-10,4 wk ahead inc death,2020-09-05,42,quantile,0.55,98
2020-08-10,4 wk ahead inc death,2020-09-05,42,quantile,0.6,104
2020-08-10,4 wk ahead inc death,2020-09-05,42,quantile,0.65,110
2020-08-10,4 wk ahead inc death,2020-09-05,42,quantile,0.7,117
2020-08-10,4 wk ahead inc death,2020-09-05,42,quantile,0.75,125
2020-08-10,4 wk ahead inc death,2020-09-05,42,quantile,0.8,134
2020-08-10,4 wk ahead inc death,2020-09-05,42,quantile,0.85,144
2020-08-10,4 wk ahead inc death,2020-09-05,42,quantile,0.9,157
2020-08-10,4 wk ahead inc death,2020-09-05,42,quantile,0.95,180
2020-08-10,4 wk ahead inc death,2020-09-05,42,quantile,0.975,206
2020-08-10,4 wk ahead inc death,2020-09-05,42,quantile,0.99,253
2020-08-10,4 wk ahead inc death,2020-09-05,44,quantile,0.01,1
2020-08-10,4 wk ahead inc death,2020-09-05,44,quantile,0.025,1
2020-08-10,4 wk ahead inc death,2020-09-05,44,quantile,0.05,1
2020-08-10,4 wk ahead inc death,2020-09-05,44,quantile,0.1,2
2020-08-10,4 wk ahead inc death,2020-09-05,44,quantile,0.15,3
2020-08-10,4 wk ahead inc death,2020-09-05,44,quantile,0.2,3
2020-08-10,4 wk ahead inc death,2020-09-05,44,quantile,0.25,4
2020-08-10,4 wk ahead inc death,2020-09-05,44,quantile,0.3,4
2020-08-10,4 wk ahead inc death,2020-09-05,44,quantile,0.35,5
2020-08-10,4 wk ahead inc death,2020-09-05,44,quantile,0.4,6
2020-08-10,4 wk ahead inc death,2020-09-05,44,quantile,0.45,7
2020-08-10,4 wk ahead inc death,2020-09-05,44,quantile,0.5,9
2020-08-10,4 wk ahead inc death,2020-09-05,44,quantile,0.55,11
2020-08-10,4 wk ahead inc death,2020-09-05,44,quantile,0.6,12
2020-08-10,4 wk ahead inc death,2020-09-05,44,quantile,0.65,14
2020-08-10,4 wk ahead inc death,2020-09-05,44,quantile,0.7,15
2020-08-10,4 wk ahead inc death,2020-09-05,44,quantile,0.75,17
2020-08-10,4 wk ahead inc death,2020-09-05,44,quantile,0.8,20
2020-08-10,4 wk ahead inc death,2020-09-05,44,quantile,0.85,22
2020-08-10,4 wk ahead inc death,2020-09-05,44,quantile,0.9,26
2020-08-10,4 wk ahead inc death,2020-09-05,44,quantile,0.95,34
2020-08-10,4 wk ahead inc death,2020-09-05,44,quantile,0.975,42
2020-08-10,4 wk ahead inc death,2020-09-05,44,quantile,0.99,54
2020-08-10,4 wk ahead inc death,2020-09-05,45,quantile,0.01,63
2020-08-10,4 wk ahead inc death,2020-09-05,45,quantile,0.025,72
2020-08-10,4 wk ahead inc death,2020-09-05,45,quantile,0.05,81
2020-08-10,4 wk ahead inc death,2020-09-05,45,quantile,0.1,93
2020-08-10,4 wk ahead inc death,2020-09-05,45,quantile,0.15,101
2020-08-10,4 wk ahead inc death,2020-09-05,45,quantile,0.2,111
2020-08-10,4 wk ahead inc death,2020-09-05,45,quantile,0.25,119
2020-08-10,4 wk ahead inc death,2020-09-05,45,quantile,0.3,128
2020-08-10,4 wk ahead inc death,2020-09-05,45,quantile,0.35,136
2020-08-10,4 wk ahead inc death,2020-09-05,45,quantile,0.4,146
2020-08-10,4 wk ahead inc death,2020-09-05,45,quantile,0.45,155
2020-08-10,4 wk ahead inc death,2020-09-05,45,quantile,0.5,165
2020-08-10,4 wk ahead inc death,2020-09-05,45,quantile,0.55,175
2020-08-10,4 wk ahead inc death,2020-09-05,45,quantile,0.6,185
2020-08-10,4 wk ahead inc death,2020-09-05,45,quantile,0.65,195
2020-08-10,4 wk ahead inc death,2020-09-05,45,quantile,0.7,206
2020-08-10,4 wk ahead inc death,2020-09-05,45,quantile,0.75,217
2020-08-10,4 wk ahead inc death,2020-09-05,45,quantile,0.8,232
2020-08-10,4 wk ahead inc death,2020-09-05,45,quantile,0.85,251
2020-08-10,4 wk ahead inc death,2020-09-05,45,quantile,0.9,281
2020-08-10,4 wk ahead inc death,2020-09-05,45,quantile,0.95,331
2020-08-10,4 wk ahead inc death,2020-09-05,45,quantile,0.975,384
2020-08-10,4 wk ahead inc death,2020-09-05,45,quantile,0.99,460
2020-08-10,4 wk ahead inc death,2020-09-05,46,quantile,0.01,4
2020-08-10,4 wk ahead inc death,2020-09-05,46,quantile,0.025,5
2020-08-10,4 wk ahead inc death,2020-09-05,46,quantile,0.05,6
2020-08-10,4 wk ahead inc death,2020-09-05,46,quantile,0.1,7
2020-08-10,4 wk ahead inc death,2020-09-05,46,quantile,0.15,8
2020-08-10,4 wk ahead inc death,2020-09-05,46,quantile,0.2,9
2020-08-10,4 wk ahead inc death,2020-09-05,46,quantile,0.25,9
2020-08-10,4 wk ahead inc death,2020-09-05,46,quantile,0.3,10
2020-08-10,4 wk ahead inc death,2020-09-05,46,quantile,0.35,12
2020-08-10,4 wk ahead inc death,2020-09-05,46,quantile,0.4,13
2020-08-10,4 wk ahead inc death,2020-09-05,46,quantile,0.45,14
2020-08-10,4 wk ahead inc death,2020-09-05,46,quantile,0.5,15
2020-08-10,4 wk ahead inc death,2020-09-05,46,quantile,0.55,17
2020-08-10,4 wk ahead inc death,2020-09-05,46,quantile,0.6,18
2020-08-10,4 wk ahead inc death,2020-09-05,46,quantile,0.65,20
2020-08-10,4 wk ahead inc death,2020-09-05,46,quantile,0.7,21
2020-08-10,4 wk ahead inc death,2020-09-05,46,quantile,0.75,23
2020-08-10,4 wk ahead inc death,2020-09-05,46,quantile,0.8,25
2020-08-10,4 wk ahead inc death,2020-09-05,46,quantile,0.85,27
2020-08-10,4 wk ahead inc death,2020-09-05,46,quantile,0.9,31
2020-08-10,4 wk ahead inc death,2020-09-05,46,quantile,0.95,40
2020-08-10,4 wk ahead inc death,2020-09-05,46,quantile,0.975,55
2020-08-10,4 wk ahead inc death,2020-09-05,46,quantile,0.99,89
2020-08-10,4 wk ahead inc death,2020-09-05,47,quantile,0.01,40
2020-08-10,4 wk ahead inc death,2020-09-05,47,quantile,0.025,46
2020-08-10,4 wk ahead inc death,2020-09-05,47,quantile,0.05,53
2020-08-10,4 wk ahead inc death,2020-09-05,47,quantile,0.1,61
2020-08-10,4 wk ahead inc death,2020-09-05,47,quantile,0.15,69
2020-08-10,4 wk ahead inc death,2020-09-05,47,quantile,0.2,75
2020-08-10,4 wk ahead inc death,2020-09-05,47,quantile,0.25,82
2020-08-10,4 wk ahead inc death,2020-09-05,47,quantile,0.3,89
2020-08-10,4 wk ahead inc death,2020-09-05,47,quantile,0.35,96
2020-08-10,4 wk ahead inc death,2020-09-05,47,quantile,0.4,104
2020-08-10,4 wk ahead inc death,2020-09-05,47,quantile,0.45,111
2020-08-10,4 wk ahead inc death,2020-09-05,47,quantile,0.5,119
2020-08-10,4 wk ahead inc death,2020-09-05,47,quantile,0.55,127
2020-08-10,4 wk ahead inc death,2020-09-05,47,quantile,0.6,134
2020-08-10,4 wk ahead inc death,2020-09-05,47,quantile,0.65,143
2020-08-10,4 wk ahead inc death,2020-09-05,47,quantile,0.7,153
2020-08-10,4 wk ahead inc death,2020-09-05,47,quantile,0.75,163
2020-08-10,4 wk ahead inc death,2020-09-05,47,quantile,0.8,176
2020-08-10,4 wk ahead inc death,2020-09-05,47,quantile,0.85,194
2020-08-10,4 wk ahead inc death,2020-09-05,47,quantile,0.9,220
2020-08-10,4 wk ahead inc death,2020-09-05,47,quantile,0.95,259
2020-08-10,4 wk ahead inc death,2020-09-05,47,quantile,0.975,290
2020-08-10,4 wk ahead inc death,2020-09-05,47,quantile,0.99,341
2020-08-10,4 wk ahead inc death,2020-09-05,48,quantile,0.01,437
2020-08-10,4 wk ahead inc death,2020-09-05,48,quantile,0.025,492
2020-08-10,4 wk ahead inc death,2020-09-05,48,quantile,0.05,544
2020-08-10,4 wk ahead inc death,2020-09-05,48,quantile,0.1,613
2020-08-10,4 wk ahead inc death,2020-09-05,48,quantile,0.15,683
2020-08-10,4 wk ahead inc death,2020-09-05,48,quantile,0.2,729
2020-08-10,4 wk ahead inc death,2020-09-05,48,quantile,0.25,781
2020-08-10,4 wk ahead inc death,2020-09-05,48,quantile,0.3,852
2020-08-10,4 wk ahead inc death,2020-09-05,48,quantile,0.35,903
2020-08-10,4 wk ahead inc death,2020-09-05,48,quantile,0.4,968
2020-08-10,4 wk ahead inc death,2020-09-05,48,quantile,0.45,1021
2020-08-10,4 wk ahead inc death,2020-09-05,48,quantile,0.5,1076
2020-08-10,4 wk ahead inc death,2020-09-05,48,quantile,0.55,1141
2020-08-10,4 wk ahead inc death,2020-09-05,48,quantile,0.6,1206
2020-08-10,4 wk ahead inc death,2020-09-05,48,quantile,0.65,1286
2020-08-10,4 wk ahead inc death,2020-09-05,48,quantile,0.7,1369
2020-08-10,4 wk ahead inc death,2020-09-05,48,quantile,0.75,1458
2020-08-10,4 wk ahead inc death,2020-09-05,48,quantile,0.8,1562
2020-08-10,4 wk ahead inc death,2020-09-05,48,quantile,0.85,1697
2020-08-10,4 wk ahead inc death,2020-09-05,48,quantile,0.9,1886
2020-08-10,4 wk ahead inc death,2020-09-05,48,quantile,0.95,2195
2020-08-10,4 wk ahead inc death,2020-09-05,48,quantile,0.975,2560
2020-08-10,4 wk ahead inc death,2020-09-05,48,quantile,0.99,3662
2020-08-10,4 wk ahead inc death,2020-09-05,49,quantile,0.01,6
2020-08-10,4 wk ahead inc death,2020-09-05,49,quantile,0.025,8
2020-08-10,4 wk ahead inc death,2020-09-05,49,quantile,0.05,9
2020-08-10,4 wk ahead inc death,2020-09-05,49,quantile,0.1,11
2020-08-10,4 wk ahead inc death,2020-09-05,49,quantile,0.15,13
2020-08-10,4 wk ahead inc death,2020-09-05,49,quantile,0.2,14
2020-08-10,4 wk ahead inc death,2020-09-05,49,quantile,0.25,15
2020-08-10,4 wk ahead inc death,2020-09-05,49,quantile,0.3,17
2020-08-10,4 wk ahead inc death,2020-09-05,49,quantile,0.35,18
2020-08-10,4 wk ahead inc death,2020-09-05,49,quantile,0.4,19
2020-08-10,4 wk ahead inc death,2020-09-05,49,quantile,0.45,21
2020-08-10,4 wk ahead inc death,2020-09-05,49,quantile,0.5,23
2020-08-10,4 wk ahead inc death,2020-09-05,49,quantile,0.55,24
2020-08-10,4 wk ahead inc death,2020-09-05,49,quantile,0.6,26
2020-08-10,4 wk ahead inc death,2020-09-05,49,quantile,0.65,28
2020-08-10,4 wk ahead inc death,2020-09-05,49,quantile,0.7,30
2020-08-10,4 wk ahead inc death,2020-09-05,49,quantile,0.75,32
2020-08-10,4 wk ahead inc death,2020-09-05,49,quantile,0.8,34
2020-08-10,4 wk ahead inc death,2020-09-05,49,quantile,0.85,37
2020-08-10,4 wk ahead inc death,2020-09-05,49,quantile,0.9,41
2020-08-10,4 wk ahead inc death,2020-09-05,49,quantile,0.95,47
2020-08-10,4 wk ahead inc death,2020-09-05,49,quantile,0.975,52
2020-08-10,4 wk ahead inc death,2020-09-05,49,quantile,0.99,61
2020-08-10,4 wk ahead inc death,2020-09-05,50,quantile,0.01,0
2020-08-10,4 wk ahead inc death,2020-09-05,50,quantile,0.025,0
2020-08-10,4 wk ahead inc death,2020-09-05,50,quantile,0.05,0
2020-08-10,4 wk ahead inc death,2020-09-05,50,quantile,0.1,0
2020-08-10,4 wk ahead inc death,2020-09-05,50,quantile,0.15,0
2020-08-10,4 wk ahead inc death,2020-09-05,50,quantile,0.2,0
2020-08-10,4 wk ahead inc death,2020-09-05,50,quantile,0.25,0
2020-08-10,4 wk ahead inc death,2020-09-05,50,quantile,0.3,0
2020-08-10,4 wk ahead inc death,2020-09-05,50,quantile,0.35,0
2020-08-10,4 wk ahead inc death,2020-09-05,50,quantile,0.4,0
2020-08-10,4 wk ahead inc death,2020-09-05,50,quantile,0.45,0
2020-08-10,4 wk ahead inc death,2020-09-05,50,quantile,0.5,1
2020-08-10,4 wk ahead inc death,2020-09-05,50,quantile,0.55,1
2020-08-10,4 wk ahead inc death,2020-09-05,50,quantile,0.6,2
2020-08-10,4 wk ahead inc death,2020-09-05,50,quantile,0.65,2
2020-08-10,4 wk ahead inc death,2020-09-05,50,quantile,0.7,2
2020-08-10,4 wk ahead inc death,2020-09-05,50,quantile,0.75,2
2020-08-10,4 wk ahead inc death,2020-09-05,50,quantile,0.8,2
2020-08-10,4 wk ahead inc death,2020-09-05,50,quantile,0.85,2
2020-08-10,4 wk ahead inc death,2020-09-05,50,quantile,0.9,3
2020-08-10,4 wk ahead inc death,2020-09-05,50,quantile,0.95,4
2020-08-10,4 wk ahead inc death,2020-09-05,50,quantile,0.975,4
2020-08-10,4 wk ahead inc death,2020-09-05,50,quantile,0.99,6
2020-08-10,4 wk ahead inc death,2020-09-05,51,quantile,0.01,38
2020-08-10,4 wk ahead inc death,2020-09-05,51,quantile,0.025,43
2020-08-10,4 wk ahead inc death,2020-09-05,51,quantile,0.05,50
2020-08-10,4 wk ahead inc death,2020-09-05,51,quantile,0.1,62
2020-08-10,4 wk ahead inc death,2020-09-05,51,quantile,0.15,72
2020-08-10,4 wk ahead inc death,2020-09-05,51,quantile,0.2,81
2020-08-10,4 wk ahead inc death,2020-09-05,51,quantile,0.25,89
2020-08-10,4 wk ahead inc death,2020-09-05,51,quantile,0.3,99
2020-08-10,4 wk ahead inc death,2020-09-05,51,quantile,0.35,109
2020-08-10,4 wk ahead inc death,2020-09-05,51,quantile,0.4,118
2020-08-10,4 wk ahead inc death,2020-09-05,51,quantile,0.45,128
2020-08-10,4 wk ahead inc death,2020-09-05,51,quantile,0.5,137
2020-08-10,4 wk ahead inc death,2020-09-05,51,quantile,0.55,147
2020-08-10,4 wk ahead inc death,2020-09-05,51,quantile,0.6,158
2020-08-10,4 wk ahead inc death,2020-09-05,51,quantile,0.65,170
2020-08-10,4 wk ahead inc death,2020-09-05,51,quantile,0.7,183
2020-08-10,4 wk ahead inc death,2020-09-05,51,quantile,0.75,199
2020-08-10,4 wk ahead inc death,2020-09-05,51,quantile,0.8,217
2020-08-10,4 wk ahead inc death,2020-09-05,51,quantile,0.85,237
2020-08-10,4 wk ahead inc death,2020-09-05,51,quantile,0.9,267
2020-08-10,4 wk ahead inc death,2020-09-05,51,quantile,0.95,309
2020-08-10,4 wk ahead inc death,2020-09-05,51,quantile,0.975,347
2020-08-10,4 wk ahead inc death,2020-09-05,51,quantile,0.99,422
2020-08-10,4 wk ahead inc death,2020-09-05,53,quantile,0.01,29
2020-08-10,4 wk ahead inc death,2020-09-05,53,quantile,0.025,33
2020-08-10,4 wk ahead inc death,2020-09-05,53,quantile,0.05,37
2020-08-10,4 wk ahead inc death,2020-09-05,53,quantile,0.1,43
2020-08-10,4 wk ahead inc death,2020-09-05,53,quantile,0.15,47
2020-08-10,4 wk ahead inc death,2020-09-05,53,quantile,0.2,52
2020-08-10,4 wk ahead inc death,2020-09-05,53,quantile,0.25,56
2020-08-10,4 wk ahead inc death,2020-09-05,53,quantile,0.3,60
2020-08-10,4 wk ahead inc death,2020-09-05,53,quantile,0.35,65
2020-08-10,4 wk ahead inc death,2020-09-05,53,quantile,0.4,71
2020-08-10,4 wk ahead inc death,2020-09-05,53,quantile,0.45,76
2020-08-10,4 wk ahead inc death,2020-09-05,53,quantile,0.5,80
2020-08-10,4 wk ahead inc death,2020-09-05,53,quantile,0.55,85
2020-08-10,4 wk ahead inc death,2020-09-05,53,quantile,0.6,90
2020-08-10,4 wk ahead inc death,2020-09-05,53,quantile,0.65,95
2020-08-10,4 wk ahead inc death,2020-09-05,53,quantile,0.7,102
2020-08-10,4 wk ahead inc death,2020-09-05,53,quantile,0.75,108
2020-08-10,4 wk ahead inc death,2020-09-05,53,quantile,0.8,116
2020-08-10,4 wk ahead inc death,2020-09-05,53,quantile,0.85,127
2020-08-10,4 wk ahead inc death,2020-09-05,53,quantile,0.9,142
2020-08-10,4 wk ahead inc death,2020-09-05,53,quantile,0.95,166
2020-08-10,4 wk ahead inc death,2020-09-05,53,quantile,0.975,189
2020-08-10,4 wk ahead inc death,2020-09-05,53,quantile,0.99,239
2020-08-10,4 wk ahead inc death,2020-09-05,54,quantile,0.01,4
2020-08-10,4 wk ahead inc death,2020-09-05,54,quantile,0.025,5
2020-08-10,4 wk ahead inc death,2020-09-05,54,quantile,0.05,6
2020-08-10,4 wk ahead inc death,2020-09-05,54,quantile,0.1,8
2020-08-10,4 wk ahead inc death,2020-09-05,54,quantile,0.15,9
2020-08-10,4 wk ahead inc death,2020-09-05,54,quantile,0.2,11
2020-08-10,4 wk ahead inc death,2020-09-05,54,quantile,0.25,12
2020-08-10,4 wk ahead inc death,2020-09-05,54,quantile,0.3,14
2020-08-10,4 wk ahead inc death,2020-09-05,54,quantile,0.35,17
2020-08-10,4 wk ahead inc death,2020-09-05,54,quantile,0.4,19
2020-08-10,4 wk ahead inc death,2020-09-05,54,quantile,0.45,21
2020-08-10,4 wk ahead inc death,2020-09-05,54,quantile,0.5,24
2020-08-10,4 wk ahead inc death,2020-09-05,54,quantile,0.55,28
2020-08-10,4 wk ahead inc death,2020-09-05,54,quantile,0.6,32
2020-08-10,4 wk ahead inc death,2020-09-05,54,quantile,0.65,36
2020-08-10,4 wk ahead inc death,2020-09-05,54,quantile,0.7,41
2020-08-10,4 wk ahead inc death,2020-09-05,54,quantile,0.75,48
2020-08-10,4 wk ahead inc death,2020-09-05,54,quantile,0.8,53
2020-08-10,4 wk ahead inc death,2020-09-05,54,quantile,0.85,62
2020-08-10,4 wk ahead inc death,2020-09-05,54,quantile,0.9,75
2020-08-10,4 wk ahead inc death,2020-09-05,54,quantile,0.95,97
2020-08-10,4 wk ahead inc death,2020-09-05,54,quantile,0.975,132
2020-08-10,4 wk ahead inc death,2020-09-05,54,quantile,0.99,367
2020-08-10,4 wk ahead inc death,2020-09-05,55,quantile,0.01,21
2020-08-10,4 wk ahead inc death,2020-09-05,55,quantile,0.025,24
2020-08-10,4 wk ahead inc death,2020-09-05,55,quantile,0.05,27
2020-08-10,4 wk ahead inc death,2020-09-05,55,quantile,0.1,32
2020-08-10,4 wk ahead inc death,2020-09-05,55,quantile,0.15,35
2020-08-10,4 wk ahead inc death,2020-09-05,55,quantile,0.2,38
2020-08-10,4 wk ahead inc death,2020-09-05,55,quantile,0.25,41
2020-08-10,4 wk ahead inc death,2020-09-05,55,quantile,0.3,45
2020-08-10,4 wk ahead inc death,2020-09-05,55,quantile,0.35,48
2020-08-10,4 wk ahead inc death,2020-09-05,55,quantile,0.4,51
2020-08-10,4 wk ahead inc death,2020-09-05,55,quantile,0.45,55
2020-08-10,4 wk ahead inc death,2020-09-05,55,quantile,0.5,59
2020-08-10,4 wk ahead inc death,2020-09-05,55,quantile,0.55,64
2020-08-10,4 wk ahead inc death,2020-09-05,55,quantile,0.6,67
2020-08-10,4 wk ahead inc death,2020-09-05,55,quantile,0.65,72
2020-08-10,4 wk ahead inc death,2020-09-05,55,quantile,0.7,76
2020-08-10,4 wk ahead inc death,2020-09-05,55,quantile,0.75,82
2020-08-10,4 wk ahead inc death,2020-09-05,55,quantile,0.8,88
2020-08-10,4 wk ahead inc death,2020-09-05,55,quantile,0.85,95
2020-08-10,4 wk ahead inc death,2020-09-05,55,quantile,0.9,107
2020-08-10,4 wk ahead inc death,2020-09-05,55,quantile,0.95,125
2020-08-10,4 wk ahead inc death,2020-09-05,55,quantile,0.975,144
2020-08-10,4 wk ahead inc death,2020-09-05,55,quantile,0.99,173
2020-08-10,4 wk ahead inc death,2020-09-05,56,quantile,0.01,0
2020-08-10,4 wk ahead inc death,2020-09-05,56,quantile,0.025,0
2020-08-10,4 wk ahead inc death,2020-09-05,56,quantile,0.05,0
2020-08-10,4 wk ahead inc death,2020-09-05,56,quantile,0.1,0
2020-08-10,4 wk ahead inc death,2020-09-05,56,quantile,0.15,0
2020-08-10,4 wk ahead inc death,2020-09-05,56,quantile,0.2,0
2020-08-10,4 wk ahead inc death,2020-09-05,56,quantile,0.25,0
2020-08-10,4 wk ahead inc death,2020-09-05,56,quantile,0.3,0
2020-08-10,4 wk ahead inc death,2020-09-05,56,quantile,0.35,0
2020-08-10,4 wk ahead inc death,2020-09-05,56,quantile,0.4,0
2020-08-10,4 wk ahead inc death,2020-09-05,56,quantile,0.45,0
2020-08-10,4 wk ahead inc death,2020-09-05,56,quantile,0.5,1
2020-08-10,4 wk ahead inc death,2020-09-05,56,quantile,0.55,2
2020-08-10,4 wk ahead inc death,2020-09-05,56,quantile,0.6,3
2020-08-10,4 wk ahead inc death,2020-09-05,56,quantile,0.65,3
2020-08-10,4 wk ahead inc death,2020-09-05,56,quantile,0.7,3
2020-08-10,4 wk ahead inc death,2020-09-05,56,quantile,0.75,3
2020-08-10,4 wk ahead inc death,2020-09-05,56,quantile,0.8,4
2020-08-10,4 wk ahead inc death,2020-09-05,56,quantile,0.85,4
2020-08-10,4 wk ahead inc death,2020-09-05,56,quantile,0.9,5
2020-08-10,4 wk ahead inc death,2020-09-05,56,quantile,0.95,6
2020-08-10,4 wk ahead inc death,2020-09-05,56,quantile,0.975,7
2020-08-10,4 wk ahead inc death,2020-09-05,56,quantile,0.99,9
2020-08-10,4 wk ahead inc death,2020-09-05,72,quantile,0.01,15
2020-08-10,4 wk ahead inc death,2020-09-05,72,quantile,0.025,19
2020-08-10,4 wk ahead inc death,2020-09-05,72,quantile,0.05,24
2020-08-10,4 wk ahead inc death,2020-09-05,72,quantile,0.1,30
2020-08-10,4 wk ahead inc death,2020-09-05,72,quantile,0.15,35
2020-08-10,4 wk ahead inc death,2020-09-05,72,quantile,0.2,41
2020-08-10,4 wk ahead inc death,2020-09-05,72,quantile,0.25,46
2020-08-10,4 wk ahead inc death,2020-09-05,72,quantile,0.3,51
2020-08-10,4 wk ahead inc death,2020-09-05,72,quantile,0.35,57
2020-08-10,4 wk ahead inc death,2020-09-05,72,quantile,0.4,63
2020-08-10,4 wk ahead inc death,2020-09-05,72,quantile,0.45,67
2020-08-10,4 wk ahead inc death,2020-09-05,72,quantile,0.5,74
2020-08-10,4 wk ahead inc death,2020-09-05,72,quantile,0.55,81
2020-08-10,4 wk ahead inc death,2020-09-05,72,quantile,0.6,89
2020-08-10,4 wk ahead inc death,2020-09-05,72,quantile,0.65,99
2020-08-10,4 wk ahead inc death,2020-09-05,72,quantile,0.7,110
2020-08-10,4 wk ahead inc death,2020-09-05,72,quantile,0.75,122
2020-08-10,4 wk ahead inc death,2020-09-05,72,quantile,0.8,137
2020-08-10,4 wk ahead inc death,2020-09-05,72,quantile,0.85,155
2020-08-10,4 wk ahead inc death,2020-09-05,72,quantile,0.9,175
2020-08-10,4 wk ahead inc death,2020-09-05,72,quantile,0.95,211
2020-08-10,4 wk ahead inc death,2020-09-05,72,quantile,0.975,247
2020-08-10,4 wk ahead inc death,2020-09-05,72,quantile,0.99,291
2020-08-10,4 wk ahead inc death,2020-09-05,60,quantile,0.01,0
2020-08-10,4 wk ahead inc death,2020-09-05,60,quantile,0.025,0
2020-08-10,4 wk ahead inc death,2020-09-05,60,quantile,0.05,0
2020-08-10,4 wk ahead inc death,2020-09-05,60,quantile,0.1,0
2020-08-10,4 wk ahead inc death,2020-09-05,60,quantile,0.15,0
2020-08-10,4 wk ahead inc death,2020-09-05,60,quantile,0.2,0
2020-08-10,4 wk ahead inc death,2020-09-05,60,quantile,0.25,0
2020-08-10,4 wk ahead inc death,2020-09-05,60,quantile,0.3,0
2020-08-10,4 wk ahead inc death,2020-09-05,60,quantile,0.35,0
2020-08-10,4 wk ahead inc death,2020-09-05,60,quantile,0.4,0
2020-08-10,4 wk ahead inc death,2020-09-05,60,quantile,0.45,0
2020-08-10,4 wk ahead inc death,2020-09-05,60,quantile,0.5,0
2020-08-10,4 wk ahead inc death,2020-09-05,60,quantile,0.55,0
2020-08-10,4 wk ahead inc death,2020-09-05,60,quantile,0.6,0
2020-08-10,4 wk ahead inc death,2020-09-05,60,quantile,0.65,0
2020-08-10,4 wk ahead inc death,2020-09-05,60,quantile,0.7,0
2020-08-10,4 wk ahead inc death,2020-09-05,60,quantile,0.75,0
2020-08-10,4 wk ahead inc death,2020-09-05,60,quantile,0.8,0
2020-08-10,4 wk ahead inc death,2020-09-05,60,quantile,0.85,0
2020-08-10,4 wk ahead inc death,2020-09-05,60,quantile,0.9,0
2020-08-10,4 wk ahead inc death,2020-09-05,60,quantile,0.95,0
2020-08-10,4 wk ahead inc death,2020-09-05,60,quantile,0.975,0
2020-08-10,4 wk ahead inc death,2020-09-05,60,quantile,0.99,0
2020-08-10,4 wk ahead inc death,2020-09-05,66,quantile,0.01,0
2020-08-10,4 wk ahead inc death,2020-09-05,66,quantile,0.025,0
2020-08-10,4 wk ahead inc death,2020-09-05,66,quantile,0.05,0
2020-08-10,4 wk ahead inc death,2020-09-05,66,quantile,0.1,0
2020-08-10,4 wk ahead inc death,2020-09-05,66,quantile,0.15,0
2020-08-10,4 wk ahead inc death,2020-09-05,66,quantile,0.2,0
2020-08-10,4 wk ahead inc death,2020-09-05,66,quantile,0.25,0
2020-08-10,4 wk ahead inc death,2020-09-05,66,quantile,0.3,0
2020-08-10,4 wk ahead inc death,2020-09-05,66,quantile,0.35,0
2020-08-10,4 wk ahead inc death,2020-09-05,66,quantile,0.4,0
2020-08-10,4 wk ahead inc death,2020-09-05,66,quantile,0.45,0
2020-08-10,4 wk ahead inc death,2020-09-05,66,quantile,0.5,0
2020-08-10,4 wk ahead inc death,2020-09-05,66,quantile,0.55,1
2020-08-10,4 wk ahead inc death,2020-09-05,66,quantile,0.6,1
2020-08-10,4 wk ahead inc death,2020-09-05,66,quantile,0.65,1
2020-08-10,4 wk ahead inc death,2020-09-05,66,quantile,0.7,1
2020-08-10,4 wk ahead inc death,2020-09-05,66,quantile,0.75,1
2020-08-10,4 wk ahead inc death,2020-09-05,66,quantile,0.8,1
2020-08-10,4 wk ahead inc death,2020-09-05,66,quantile,0.85,2
2020-08-10,4 wk ahead inc death,2020-09-05,66,quantile,0.9,2
2020-08-10,4 wk ahead inc death,2020-09-05,66,quantile,0.95,3
2020-08-10,4 wk ahead inc death,2020-09-05,66,quantile,0.975,5
2020-08-10,4 wk ahead inc death,2020-09-05,66,quantile,0.99,7
2020-08-10,4 wk ahead inc death,2020-09-05,69,quantile,0.01,0
2020-08-10,4 wk ahead inc death,2020-09-05,69,quantile,0.025,0
2020-08-10,4 wk ahead inc death,2020-09-05,69,quantile,0.05,0
2020-08-10,4 wk ahead inc death,2020-09-05,69,quantile,0.1,0
2020-08-10,4 wk ahead inc death,2020-09-05,69,quantile,0.15,0
2020-08-10,4 wk ahead inc death,2020-09-05,69,quantile,0.2,0
2020-08-10,4 wk ahead inc death,2020-09-05,69,quantile,0.25,0
2020-08-10,4 wk ahead inc death,2020-09-05,69,quantile,0.3,0
2020-08-10,4 wk ahead inc death,2020-09-05,69,quantile,0.35,0
2020-08-10,4 wk ahead inc death,2020-09-05,69,quantile,0.4,0
2020-08-10,4 wk ahead inc death,2020-09-05,69,quantile,0.45,0
2020-08-10,4 wk ahead inc death,2020-09-05,69,quantile,0.5,0
2020-08-10,4 wk ahead inc death,2020-09-05,69,quantile,0.55,1
2020-08-10,4 wk ahead inc death,2020-09-05,69,quantile,0.6,1
2020-08-10,4 wk ahead inc death,2020-09-05,69,quantile,0.65,1
2020-08-10,4 wk ahead inc death,2020-09-05,69,quantile,0.7,1
2020-08-10,4 wk ahead inc death,2020-09-05,69,quantile,0.75,1
2020-08-10,4 wk ahead inc death,2020-09-05,69,quantile,0.8,1
2020-08-10,4 wk ahead inc death,2020-09-05,69,quantile,0.85,1
2020-08-10,4 wk ahead inc death,2020-09-05,69,quantile,0.9,1
2020-08-10,4 wk ahead inc death,2020-09-05,69,quantile,0.95,1
2020-08-10,4 wk ahead inc death,2020-09-05,69,quantile,0.975,1
2020-08-10,4 wk ahead inc death,2020-09-05,69,quantile,0.99,1
2020-08-10,4 wk ahead inc death,2020-09-05,78,quantile,0.01,0
2020-08-10,4 wk ahead inc death,2020-09-05,78,quantile,0.025,0
2020-08-10,4 wk ahead inc death,2020-09-05,78,quantile,0.05,0
2020-08-10,4 wk ahead inc death,2020-09-05,78,quantile,0.1,0
2020-08-10,4 wk ahead inc death,2020-09-05,78,quantile,0.15,0
2020-08-10,4 wk ahead inc death,2020-09-05,78,quantile,0.2,0
2020-08-10,4 wk ahead inc death,2020-09-05,78,quantile,0.25,0
2020-08-10,4 wk ahead inc death,2020-09-05,78,quantile,0.3,0
2020-08-10,4 wk ahead inc death,2020-09-05,78,quantile,0.35,0
2020-08-10,4 wk ahead inc death,2020-09-05,78,quantile,0.4,0
2020-08-10,4 wk ahead inc death,2020-09-05,78,quantile,0.45,1
2020-08-10,4 wk ahead inc death,2020-09-05,78,quantile,0.5,2
2020-08-10,4 wk ahead inc death,2020-09-05,78,quantile,0.55,3
2020-08-10,4 wk ahead inc death,2020-09-05,78,quantile,0.6,3
2020-08-10,4 wk ahead inc death,2020-09-05,78,quantile,0.65,3
2020-08-10,4 wk ahead inc death,2020-09-05,78,quantile,0.7,4
2020-08-10,4 wk ahead inc death,2020-09-05,78,quantile,0.75,4
2020-08-10,4 wk ahead inc death,2020-09-05,78,quantile,0.8,5
2020-08-10,4 wk ahead inc death,2020-09-05,78,quantile,0.85,6
2020-08-10,4 wk ahead inc death,2020-09-05,78,quantile,0.9,7
2020-08-10,4 wk ahead inc death,2020-09-05,78,quantile,0.95,10
2020-08-10,4 wk ahead inc death,2020-09-05,78,quantile,0.975,13
2020-08-10,4 wk ahead inc death,2020-09-05,78,quantile,0.99,16
2020-08-10,1 wk ahead inc death,2020-08-15,11,point,NA,7
2020-08-10,1 wk ahead inc death,2020-08-15,01,point,NA,159
2020-08-10,1 wk ahead inc death,2020-08-15,02,point,NA,3
2020-08-10,1 wk ahead inc death,2020-08-15,04,point,NA,331
2020-08-10,1 wk ahead inc death,2020-08-15,05,point,NA,75
2020-08-10,1 wk ahead inc death,2020-08-15,06,point,NA,892
2020-08-10,1 wk ahead inc death,2020-08-15,08,point,NA,40
2020-08-10,1 wk ahead inc death,2020-08-15,09,point,NA,14
2020-08-10,1 wk ahead inc death,2020-08-15,10,point,NA,8
2020-08-10,1 wk ahead inc death,2020-08-15,12,point,NA,1019
2020-08-10,1 wk ahead inc death,2020-08-15,13,point,NA,348
2020-08-10,1 wk ahead inc death,2020-08-15,15,point,NA,7
2020-08-10,1 wk ahead inc death,2020-08-15,16,point,NA,39
2020-08-10,1 wk ahead inc death,2020-08-15,17,point,NA,166
2020-08-10,1 wk ahead inc death,2020-08-15,18,point,NA,93
2020-08-10,1 wk ahead inc death,2020-08-15,19,point,NA,50
2020-08-10,1 wk ahead inc death,2020-08-15,20,point,NA,23
2020-08-10,1 wk ahead inc death,2020-08-15,21,point,NA,43
2020-08-10,1 wk ahead inc death,2020-08-15,22,point,NA,258
2020-08-10,1 wk ahead inc death,2020-08-15,23,point,NA,2
2020-08-10,1 wk ahead inc death,2020-08-15,24,point,NA,87
2020-08-10,1 wk ahead inc death,2020-08-15,25,point,NA,109
2020-08-10,1 wk ahead inc death,2020-08-15,26,point,NA,81
2020-08-10,1 wk ahead inc death,2020-08-15,27,point,NA,55
2020-08-10,1 wk ahead inc death,2020-08-15,28,point,NA,181
2020-08-10,1 wk ahead inc death,2020-08-15,29,point,NA,70
2020-08-10,1 wk ahead inc death,2020-08-15,30,point,NA,13
2020-08-10,1 wk ahead inc death,2020-08-15,31,point,NA,15
2020-08-10,1 wk ahead inc death,2020-08-15,32,point,NA,108
2020-08-10,1 wk ahead inc death,2020-08-15,33,point,NA,6
2020-08-10,1 wk ahead inc death,2020-08-15,34,point,NA,64
2020-08-10,1 wk ahead inc death,2020-08-15,35,point,NA,34
2020-08-10,1 wk ahead inc death,2020-08-15,36,point,NA,87
2020-08-10,1 wk ahead inc death,2020-08-15,37,point,NA,177
2020-08-10,1 wk ahead inc death,2020-08-15,38,point,NA,7
2020-08-10,1 wk ahead inc death,2020-08-15,39,point,NA,169
2020-08-10,1 wk ahead inc death,2020-08-15,40,point,NA,54
2020-08-10,1 wk ahead inc death,2020-08-15,41,point,NA,32
2020-08-10,1 wk ahead inc death,2020-08-15,42,point,NA,111
2020-08-10,1 wk ahead inc death,2020-08-15,44,point,NA,9
2020-08-10,1 wk ahead inc death,2020-08-15,45,point,NA,245
2020-08-10,1 wk ahead inc death,2020-08-15,46,point,NA,10
2020-08-10,1 wk ahead inc death,2020-08-15,47,point,NA,137
2020-08-10,1 wk ahead inc death,2020-08-15,48,point,NA,1325
2020-08-10,1 wk ahead inc death,2020-08-15,49,point,NA,25
2020-08-10,1 wk ahead inc death,2020-08-15,50,point,NA,0
2020-08-10,1 wk ahead inc death,2020-08-15,51,point,NA,118
2020-08-10,1 wk ahead inc death,2020-08-15,53,point,NA,87
2020-08-10,1 wk ahead inc death,2020-08-15,54,point,NA,18
2020-08-10,1 wk ahead inc death,2020-08-15,55,point,NA,56
2020-08-10,1 wk ahead inc death,2020-08-15,56,point,NA,1
2020-08-10,1 wk ahead inc death,2020-08-15,72,point,NA,50
2020-08-10,1 wk ahead inc death,2020-08-15,60,point,NA,0
2020-08-10,1 wk ahead inc death,2020-08-15,66,point,NA,0
2020-08-10,1 wk ahead inc death,2020-08-15,69,point,NA,0
2020-08-10,1 wk ahead inc death,2020-08-15,78,point,NA,1
2020-08-10,2 wk ahead inc death,2020-08-22,11,point,NA,7
2020-08-10,2 wk ahead inc death,2020-08-22,01,point,NA,150
2020-08-10,2 wk ahead inc death,2020-08-22,02,point,NA,3
2020-08-10,2 wk ahead inc death,2020-08-22,04,point,NA,275
2020-08-10,2 wk ahead inc death,2020-08-22,05,point,NA,77
2020-08-10,2 wk ahead inc death,2020-08-22,06,point,NA,829
2020-08-10,2 wk ahead inc death,2020-08-22,08,point,NA,38
2020-08-10,2 wk ahead inc death,2020-08-22,09,point,NA,12
2020-08-10,2 wk ahead inc death,2020-08-22,10,point,NA,8
2020-08-10,2 wk ahead inc death,2020-08-22,12,point,NA,990
2020-08-10,2 wk ahead inc death,2020-08-22,13,point,NA,342
2020-08-10,2 wk ahead inc death,2020-08-22,15,point,NA,11
2020-08-10,2 wk ahead inc death,2020-08-22,16,point,NA,39
2020-08-10,2 wk ahead inc death,2020-08-22,17,point,NA,182
2020-08-10,2 wk ahead inc death,2020-08-22,18,point,NA,106
2020-08-10,2 wk ahead inc death,2020-08-22,19,point,NA,48
2020-08-10,2 wk ahead inc death,2020-08-22,20,point,NA,22
2020-08-10,2 wk ahead inc death,2020-08-22,21,point,NA,44
2020-08-10,2 wk ahead inc death,2020-08-22,22,point,NA,234
2020-08-10,2 wk ahead inc death,2020-08-22,23,point,NA,2
2020-08-10,2 wk ahead inc death,2020-08-22,24,point,NA,89
2020-08-10,2 wk ahead inc death,2020-08-22,25,point,NA,110
2020-08-10,2 wk ahead inc death,2020-08-22,26,point,NA,86
2020-08-10,2 wk ahead inc death,2020-08-22,27,point,NA,57
2020-08-10,2 wk ahead inc death,2020-08-22,28,point,NA,171
2020-08-10,2 wk ahead inc death,2020-08-22,29,point,NA,67
2020-08-10,2 wk ahead inc death,2020-08-22,30,point,NA,14
2020-08-10,2 wk ahead inc death,2020-08-22,31,point,NA,16
2020-08-10,2 wk ahead inc death,2020-08-22,32,point,NA,104
2020-08-10,2 wk ahead inc death,2020-08-22,33,point,NA,6
2020-08-10,2 wk ahead inc death,2020-08-22,34,point,NA,67
2020-08-10,2 wk ahead inc death,2020-08-22,35,point,NA,29
2020-08-10,2 wk ahead inc death,2020-08-22,36,point,NA,85
2020-08-10,2 wk ahead inc death,2020-08-22,37,point,NA,177
2020-08-10,2 wk ahead inc death,2020-08-22,38,point,NA,8
2020-08-10,2 wk ahead inc death,2020-08-22,39,point,NA,165
2020-08-10,2 wk ahead inc death,2020-08-22,40,point,NA,54
2020-08-10,2 wk ahead inc death,2020-08-22,41,point,NA,32
2020-08-10,2 wk ahead inc death,2020-08-22,42,point,NA,110
2020-08-10,2 wk ahead inc death,2020-08-22,44,point,NA,9
2020-08-10,2 wk ahead inc death,2020-08-22,45,point,NA,220
2020-08-10,2 wk ahead inc death,2020-08-22,46,point,NA,11
2020-08-10,2 wk ahead inc death,2020-08-22,47,point,NA,138
2020-08-10,2 wk ahead inc death,2020-08-22,48,point,NA,1289
2020-08-10,2 wk ahead inc death,2020-08-22,49,point,NA,25
2020-08-10,2 wk ahead inc death,2020-08-22,50,point,NA,0
2020-08-10,2 wk ahead inc death,2020-08-22,51,point,NA,132
2020-08-10,2 wk ahead inc death,2020-08-22,53,point,NA,84
2020-08-10,2 wk ahead inc death,2020-08-22,54,point,NA,19
2020-08-10,2 wk ahead inc death,2020-08-22,55,point,NA,60
2020-08-10,2 wk ahead inc death,2020-08-22,56,point,NA,1
2020-08-10,2 wk ahead inc death,2020-08-22,72,point,NA,57
2020-08-10,2 wk ahead inc death,2020-08-22,60,point,NA,0
2020-08-10,2 wk ahead inc death,2020-08-22,66,point,NA,0
2020-08-10,2 wk ahead inc death,2020-08-22,69,point,NA,0
2020-08-10,2 wk ahead inc death,2020-08-22,78,point,NA,1
2020-08-10,3 wk ahead inc death,2020-08-29,11,point,NA,8
2020-08-10,3 wk ahead inc death,2020-08-29,01,point,NA,147
2020-08-10,3 wk ahead inc death,2020-08-29,02,point,NA,3
2020-08-10,3 wk ahead inc death,2020-08-29,04,point,NA,217
2020-08-10,3 wk ahead inc death,2020-08-29,05,point,NA,77
2020-08-10,3 wk ahead inc death,2020-08-29,06,point,NA,816
2020-08-10,3 wk ahead inc death,2020-08-29,08,point,NA,36
2020-08-10,3 wk ahead inc death,2020-08-29,09,point,NA,10
2020-08-10,3 wk ahead inc death,2020-08-29,10,point,NA,8
2020-08-10,3 wk ahead inc death,2020-08-29,12,point,NA,898
2020-08-10,3 wk ahead inc death,2020-08-29,13,point,NA,336
2020-08-10,3 wk ahead inc death,2020-08-29,15,point,NA,18
2020-08-10,3 wk ahead inc death,2020-08-29,16,point,NA,42
2020-08-10,3 wk ahead inc death,2020-08-29,17,point,NA,197
2020-08-10,3 wk ahead inc death,2020-08-29,18,point,NA,121
2020-08-10,3 wk ahead inc death,2020-08-29,19,point,NA,46
2020-08-10,3 wk ahead inc death,2020-08-29,20,point,NA,20
2020-08-10,3 wk ahead inc death,2020-08-29,21,point,NA,43
2020-08-10,3 wk ahead inc death,2020-08-29,22,point,NA,223
2020-08-10,3 wk ahead inc death,2020-08-29,23,point,NA,2
2020-08-10,3 wk ahead inc death,2020-08-29,24,point,NA,85
2020-08-10,3 wk ahead inc death,2020-08-29,25,point,NA,109
2020-08-10,3 wk ahead inc death,2020-08-29,26,point,NA,81
2020-08-10,3 wk ahead inc death,2020-08-29,27,point,NA,62
2020-08-10,3 wk ahead inc death,2020-08-29,28,point,NA,146
2020-08-10,3 wk ahead inc death,2020-08-29,29,point,NA,56
2020-08-10,3 wk ahead inc death,2020-08-29,30,point,NA,14
2020-08-10,3 wk ahead inc death,2020-08-29,31,point,NA,14
2020-08-10,3 wk ahead inc death,2020-08-29,32,point,NA,99
2020-08-10,3 wk ahead inc death,2020-08-29,33,point,NA,6
2020-08-10,3 wk ahead inc death,2020-08-29,34,point,NA,70
2020-08-10,3 wk ahead inc death,2020-08-29,35,point,NA,25
2020-08-10,3 wk ahead inc death,2020-08-29,36,point,NA,82
2020-08-10,3 wk ahead inc death,2020-08-29,37,point,NA,162
2020-08-10,3 wk ahead inc death,2020-08-29,38,point,NA,9
2020-08-10,3 wk ahead inc death,2020-08-29,39,point,NA,150
2020-08-10,3 wk ahead inc death,2020-08-29,40,point,NA,49
2020-08-10,3 wk ahead inc death,2020-08-29,41,point,NA,31
2020-08-10,3 wk ahead inc death,2020-08-29,42,point,NA,102
2020-08-10,3 wk ahead inc death,2020-08-29,44,point,NA,9
2020-08-10,3 wk ahead inc death,2020-08-29,45,point,NA,190
2020-08-10,3 wk ahead inc death,2020-08-29,46,point,NA,13
2020-08-10,3 wk ahead inc death,2020-08-29,47,point,NA,131
2020-08-10,3 wk ahead inc death,2020-08-29,48,point,NA,1210
2020-08-10,3 wk ahead inc death,2020-08-29,49,point,NA,25
2020-08-10,3 wk ahead inc death,2020-08-29,50,point,NA,1
2020-08-10,3 wk ahead inc death,2020-08-29,51,point,NA,136
2020-08-10,3 wk ahead inc death,2020-08-29,53,point,NA,80
2020-08-10,3 wk ahead inc death,2020-08-29,54,point,NA,23
2020-08-10,3 wk ahead inc death,2020-08-29,55,point,NA,61
2020-08-10,3 wk ahead inc death,2020-08-29,56,point,NA,1
2020-08-10,3 wk ahead inc death,2020-08-29,72,point,NA,66
2020-08-10,3 wk ahead inc death,2020-08-29,60,point,NA,0
2020-08-10,3 wk ahead inc death,2020-08-29,66,point,NA,0
2020-08-10,3 wk ahead inc death,2020-08-29,69,point,NA,0
2020-08-10,3 wk ahead inc death,2020-08-29,78,point,NA,1
2020-08-10,4 wk ahead inc death,2020-09-05,11,point,NA,9
2020-08-10,4 wk ahead inc death,2020-09-05,01,point,NA,141
2020-08-10,4 wk ahead inc death,2020-09-05,02,point,NA,2
2020-08-10,4 wk ahead inc death,2020-09-05,04,point,NA,175
2020-08-10,4 wk ahead inc death,2020-09-05,05,point,NA,76
2020-08-10,4 wk ahead inc death,2020-09-05,06,point,NA,741
2020-08-10,4 wk ahead inc death,2020-09-05,08,point,NA,32
2020-08-10,4 wk ahead inc death,2020-09-05,09,point,NA,9
2020-08-10,4 wk ahead inc death,2020-09-05,10,point,NA,7
2020-08-10,4 wk ahead inc death,2020-09-05,12,point,NA,785
2020-08-10,4 wk ahead inc death,2020-09-05,13,point,NA,330
2020-08-10,4 wk ahead inc death,2020-09-05,15,point,NA,28
2020-08-10,4 wk ahead inc death,2020-09-05,16,point,NA,42
2020-08-10,4 wk ahead inc death,2020-09-05,17,point,NA,211
2020-08-10,4 wk ahead inc death,2020-09-05,18,point,NA,133
2020-08-10,4 wk ahead inc death,2020-09-05,19,point,NA,44
2020-08-10,4 wk ahead inc death,2020-09-05,20,point,NA,19
2020-08-10,4 wk ahead inc death,2020-09-05,21,point,NA,41
2020-08-10,4 wk ahead inc death,2020-09-05,22,point,NA,210
2020-08-10,4 wk ahead inc death,2020-09-05,23,point,NA,2
2020-08-10,4 wk ahead inc death,2020-09-05,24,point,NA,78
2020-08-10,4 wk ahead inc death,2020-09-05,25,point,NA,108
2020-08-10,4 wk ahead inc death,2020-09-05,26,point,NA,77
2020-08-10,4 wk ahead inc death,2020-09-05,27,point,NA,65
2020-08-10,4 wk ahead inc death,2020-09-05,28,point,NA,122
2020-08-10,4 wk ahead inc death,2020-09-05,29,point,NA,46
2020-08-10,4 wk ahead inc death,2020-09-05,30,point,NA,14
2020-08-10,4 wk ahead inc death,2020-09-05,31,point,NA,13
2020-08-10,4 wk ahead inc death,2020-09-05,32,point,NA,95
2020-08-10,4 wk ahead inc death,2020-09-05,33,point,NA,5
2020-08-10,4 wk ahead inc death,2020-09-05,34,point,NA,78
2020-08-10,4 wk ahead inc death,2020-09-05,35,point,NA,23
2020-08-10,4 wk ahead inc death,2020-09-05,36,point,NA,78
2020-08-10,4 wk ahead inc death,2020-09-05,37,point,NA,144
2020-08-10,4 wk ahead inc death,2020-09-05,38,point,NA,9
2020-08-10,4 wk ahead inc death,2020-09-05,39,point,NA,136
2020-08-10,4 wk ahead inc death,2020-09-05,40,point,NA,44
2020-08-10,4 wk ahead inc death,2020-09-05,41,point,NA,29
2020-08-10,4 wk ahead inc death,2020-09-05,42,point,NA,92
2020-08-10,4 wk ahead inc death,2020-09-05,44,point,NA,9
2020-08-10,4 wk ahead inc death,2020-09-05,45,point,NA,165
2020-08-10,4 wk ahead inc death,2020-09-05,46,point,NA,15
2020-08-10,4 wk ahead inc death,2020-09-05,47,point,NA,119
2020-08-10,4 wk ahead inc death,2020-09-05,48,point,NA,1076
2020-08-10,4 wk ahead inc death,2020-09-05,49,point,NA,23
2020-08-10,4 wk ahead inc death,2020-09-05,50,point,NA,1
2020-08-10,4 wk ahead inc death,2020-09-05,51,point,NA,137
2020-08-10,4 wk ahead inc death,2020-09-05,53,point,NA,80
2020-08-10,4 wk ahead inc death,2020-09-05,54,point,NA,24
2020-08-10,4 wk ahead inc death,2020-09-05,55,point,NA,59
2020-08-10,4 wk ahead inc death,2020-09-05,56,point,NA,1
2020-08-10,4 wk ahead inc death,2020-09-05,72,point,NA,74
2020-08-10,4 wk ahead inc death,2020-09-05,60,point,NA,0
2020-08-10,4 wk ahead inc death,2020-09-05,66,point,NA,0
2020-08-10,4 wk ahead inc death,2020-09-05,69,point,NA,0
2020-08-10,4 wk ahead inc death,2020-09-05,78,point,NA,2
